Agent, Successes, Trials, Average reward, average successful reward
Evaluating solo
Recipe, tea
[pour [human, water_bowl, mixing_bowl_1]: 0.3333333333333333, pour [human, tea_bowl, mixing_bowl_1]: 0.3333333333333333, switch [human, stove]: 0.3333333333333333]
Executing action pour [human, water_bowl, mixing_bowl_1], 0.0, 20.512510810837934
[pour [human, mixing_bowl_1, trash]: 0.0, pour [human, tea_bowl, mixing_bowl_1]: 0.5, switch [human, stove]: 0.5, reset [human]: 0.0]
Executing action pour [human, tea_bowl, mixing_bowl_1], 20.512510810837934, 48.05654804356422
[pour [human, mixing_bowl_1, trash]: 0.0, switch [human, stove]: 0.5, reset [human]: 0.0, mix [human, mixing_bowl_1, whisk]: 0.5]
Executing action mix [human, mixing_bowl_1, whisk], 48.05654804356422, 59.18029142545399
[pour [human, mixing_bowl_1, trash]: 0.0, pour [human, mixing_bowl_1, frying_pan]: 0.5, switch [human, stove]: 0.5, reset [human]: 0.0]
Executing action switch [human, stove], 59.18029142545399, 65.3424681905822
[pour [human, mixing_bowl_1, trash]: 0.0, pour [human, mixing_bowl_1, frying_pan]: 1.0, reset [human]: 0.0]
Executing action pour [human, mixing_bowl_1, frying_pan], 65.3424681905822, 92.42467562829916
[pour [human, frying_pan, trash]: 0.0, pour [human, frying_pan, mixing_bowl_1]: 0.0, reset [human]: 0.0, move [human, frying_pan, stove]: 1.0]
Executing action move [human, frying_pan, stove], 92.42467562829916, 110.07041036929903
solo, 1, 1, 110.07041036929903, 110.07041036929903
solo, time, 5
Evaluating Expert
Required 1.839E-6
Recipe, tea
Human chose switch [human, stove]
Partner chose to wait
Executing action switch [human, stove], 0.0, 5.606303962202257
Executing action wait [partner] 0.0, 5.606303962202257
human scheduled actions
-partner
	pour [partner, tea_bowl, mixing_bowl_1], 0.0, 16.34123175200933
	pour [partner, water_bowl, mixing_bowl_1], 16.341231752009328, 32.259926750079856
	mix [partner, mixing_bowl_1, whisk], 32.259926750079856, 43.4453394122257
	pour [partner, mixing_bowl_1, frying_pan], 43.4453394122257, 60.661441518768264
-human
	wait, 0.0, 60.661441518768264
	move [human, frying_pan, stove], 60.661441518768264, 77.54510753708627
partner scheduled actions
-partner
	pour [partner, water_bowl, mixing_bowl_1], 0.0, 15.6593641891121
	pour [partner, tea_bowl, mixing_bowl_1], 15.6593641891121, 33.56248065914967
	wait, 33.56248065914967, 44.06199888067885
	pour [partner, mixing_bowl_1, frying_pan], 44.06199888067884, 60.31865735217063
	move [partner, frying_pan, stove], 60.31865735217063, 77.64711534887836
-human
	wait, 0.0, 33.56248065914967
	mix [human, mixing_bowl_1, whisk], 33.56248065914967, 44.06199888067885
Executing action pour [partner, water_bowl, mixing_bowl_1], 5.606303962202257, 22.51042008079068
Executing action wait [human] 5.606303962202257, 22.51042008079068
human scheduled actions
-partner
	pour [partner, tea_bowl, mixing_bowl_1], 0.0, 17.05502680911747
	mix [partner, mixing_bowl_1, whisk], 17.05502680911747, 28.267321008466865
	pour [partner, mixing_bowl_1, frying_pan], 28.267321008466865, 45.15964406993826
	move [partner, frying_pan, stove], 45.15964406993826, 61.8587458271127
-human
partner scheduled actions
-partner
	pour [partner, tea_bowl, mixing_bowl_1], 0.0, 16.036234146064945
	mix [partner, mixing_bowl_1, whisk], 16.036234146064942, 28.076682300283025
	pour [partner, mixing_bowl_1, frying_pan], 28.07668230028302, 45.262077433679096
	move [partner, frying_pan, stove], 45.262077433679096, 61.84590263155226
-human
Executing action pour [partner, tea_bowl, mixing_bowl_1], 22.51042008079068, 39.89474377807285
Executing action wait [human] 22.51042008079068, 39.89474377807285
human scheduled actions
-partner
	mix [partner, mixing_bowl_1, whisk], 0.0, 11.135215281383285
	pour [partner, mixing_bowl_1, frying_pan], 11.135215281383285, 27.431820571126018
	move [partner, frying_pan, stove], 27.43182057112602, 43.7602342138365
-human
partner scheduled actions
-partner
	mix [partner, mixing_bowl_1, whisk], 0.0, 11.81902680480576
	pour [partner, mixing_bowl_1, frying_pan], 11.819026804805759, 27.329274325670575
	move [partner, frying_pan, stove], 27.329274325670575, 45.57042741744787
-human
Executing action mix [partner, mixing_bowl_1, whisk], 39.89474377807285, 50.74939284531864
Executing action wait [human] 39.89474377807285, 50.74939284531864
human scheduled actions
-partner
	pour [partner, mixing_bowl_1, frying_pan], 0.0, 16.260169784785166
	move [partner, frying_pan, stove], 16.26016978478517, 32.286681601957
-human
partner scheduled actions
-partner
	pour [partner, mixing_bowl_1, frying_pan], 0.0, 15.5037560701468
	move [partner, frying_pan, stove], 15.503756070146796, 32.626874560010776
-human
Executing action pour [partner, mixing_bowl_1, frying_pan], 50.74939284531864, 67.43387064217019
Executing action wait [human] 50.74939284531864, 67.43387064217019
human scheduled actions
-partner
	move [partner, frying_pan, stove], 0.0, 16.395480416556133
-human
partner scheduled actions
-partner
	move [partner, frying_pan, stove], 0.0, 16.31360195422749
-human
Executing action move [partner, frying_pan, stove], 67.43387064217019, 83.43809683486884
Executing action wait [human] 67.43387064217019, 83.43809683486884
Expert, 1, 1, 83.43809683486884, 83.43809683486884
Expert, time, 31

Time coffee with milk - 4.580260596
Time cereal with milk - 4.693111874
Time chocolate milk - 4.978648962
Time tea - 17.486643011
Time pancake - 35.609698497
Time scrambled egg - 67.029002014
Time fried egg - 96.001282245
Evaluating AdaptiveByFlow scheduling: true
Required 5.88E-7
Recipe, tea
Human chose switch [human, stove]
Partner chose to wait
Executing action switch [human, stove], 0.0, 5.216973462702983
Executing action wait [partner] 0.0, 5.216973462702983
human scheduled actions
-partner
	pour [partner, water_bowl, mixing_bowl_1], 0.0, 16.33771698993977
	pour [partner, tea_bowl, mixing_bowl_1], 16.33771698993977, 33.84558314904557
	mix [partner, mixing_bowl_1, whisk], 33.84558314904557, 44.93850993245395
	pour [partner, mixing_bowl_1, frying_pan], 44.938509932453954, 60.899968668621256
-human
	wait, 0.0, 60.899968668621256
	move [human, frying_pan, stove], 60.89996866862126, 78.11190855063711
Previous Distribution
coffee with milk - coffee_with_milk: 0.14285714285714285
cereal with milk - cereal_with_milk: 0.14285714285714285
pancake - pancake: 0.14285714285714285
fried egg - fried_egg: 0.14285714285714285
scrambled egg - scrambled_egg: 0.14285714285714285
chocolate milk - chocolate_milk: 0.14285714285714285
tea - hot_tea: 0.14285714285714285


Update
coffee with milk - coffee_with_milk: 0.0
cereal with milk - cereal_with_milk: 0.0
pancake - pancake: 0.22388059701492538
fried egg - fried_egg: 0.17910447761194032
scrambled egg - scrambled_egg: 0.2985074626865672
chocolate milk - chocolate_milk: 0.0
tea - hot_tea: 0.2985074626865672


Current Distribution
pancake - pancake: 0.22388059701492538
fried egg - fried_egg: 0.17910447761194032
scrambled egg - scrambled_egg: 0.2985074626865672
tea - hot_tea: 0.2985074626865672


pour [partner, eggs_bowl, mixing_bowl_1]
	pancake - pancake
		[pour [partner, eggs_bowl, mixing_bowl_1], pour [human, flour_bowl, mixing_bowl_1], pour [human, milk_bowl, mixing_bowl_1], mix [partner, mixing_bowl_1, whisk], pour [human, mixing_bowl_1, frying_pan], move [human, frying_pan, stove]]
	fried egg - fried_egg
		[pour [partner, eggs_bowl, mixing_bowl_1], pour [partner, butter_bowl, frying_pan], pour [partner, mixing_bowl_1, frying_pan], move [partner, frying_pan, stove], mix [partner, frying_pan, whisk]]
	scrambled egg - scrambled_egg
		[pour [partner, eggs_bowl, mixing_bowl_1], pour [human, butter_bowl, frying_pan], move [partner, frying_pan, stove], move [partner, frying_pan, counter], pour [human, mixing_bowl_1, frying_pan], mix [partner, frying_pan, whisk], move [partner, frying_pan, stove]]
	tea - hot_tea
		[pour [partner, eggs_bowl, mixing_bowl_1], pour [human, mixing_bowl_1, trash], pour [human, tea_bowl, mixing_bowl_1], pour [partner, water_bowl, mixing_bowl_1], mix [human, mixing_bowl_1, whisk], pour [partner, mixing_bowl_1, frying_pan], move [human, frying_pan, stove]]

pour [partner, olive_oil_bowl, frying_pan]
	pancake - pancake
		[pour [partner, olive_oil_bowl, frying_pan], pour [partner, milk_bowl, mixing_bowl_1], pour [human, eggs_bowl, mixing_bowl_1], pour [human, frying_pan, trash], pour [human, flour_bowl, mixing_bowl_1], mix [human, mixing_bowl_1, whisk], pour [partner, mixing_bowl_1, frying_pan], move [human, frying_pan, stove]]
	fried egg - fried_egg
		[pour [partner, olive_oil_bowl, frying_pan], pour [partner, eggs_bowl, frying_pan], move [human, frying_pan, stove], mix [partner, frying_pan, whisk]]
	scrambled egg - scrambled_egg
		[pour [partner, olive_oil_bowl, frying_pan], move [human, frying_pan, stove], move [human, frying_pan, counter], pour [partner, eggs_bowl, frying_pan], mix [human, frying_pan, whisk], move [partner, frying_pan, stove]]
	tea - hot_tea
		[pour [partner, olive_oil_bowl, frying_pan], pour [partner, tea_bowl, mixing_bowl_1], pour [human, frying_pan, trash], pour [partner, water_bowl, mixing_bowl_1], mix [partner, mixing_bowl_1, whisk], pour [human, mixing_bowl_1, frying_pan], move [partner, frying_pan, stove]]

pour [partner, flour_bowl, mixing_bowl_1]
	pancake - pancake
		[pour [partner, flour_bowl, mixing_bowl_1], pour [partner, eggs_bowl, mixing_bowl_1], pour [partner, milk_bowl, mixing_bowl_1], mix [partner, mixing_bowl_1, whisk], pour [partner, mixing_bowl_1, frying_pan], move [partner, frying_pan, stove]]
	fried egg - fried_egg
		[pour [partner, flour_bowl, mixing_bowl_1], pour [partner, olive_oil_bowl, frying_pan], pour [partner, eggs_bowl, frying_pan], move [human, frying_pan, stove], mix [partner, frying_pan, whisk]]
	scrambled egg - scrambled_egg
		[pour [partner, flour_bowl, mixing_bowl_1], pour [human, olive_oil_bowl, frying_pan], move [human, frying_pan, stove], move [human, frying_pan, counter], pour [partner, eggs_bowl, frying_pan], mix [partner, frying_pan, whisk], move [partner, frying_pan, stove]]
	tea - hot_tea
		[pour [partner, flour_bowl, mixing_bowl_1], pour [human, mixing_bowl_1, trash], pour [human, water_bowl, mixing_bowl_1], pour [partner, tea_bowl, mixing_bowl_1], mix [partner, mixing_bowl_1, whisk], pour [partner, mixing_bowl_1, frying_pan], move [human, frying_pan, stove]]

pour [partner, tea_bowl, mixing_bowl_1]
	pancake - pancake
		[pour [partner, tea_bowl, mixing_bowl_1], pour [human, mixing_bowl_1, trash], pour [human, eggs_bowl, mixing_bowl_1], pour [partner, milk_bowl, mixing_bowl_1], pour [partner, flour_bowl, mixing_bowl_1], mix [partner, mixing_bowl_1, whisk], pour [partner, mixing_bowl_1, frying_pan], move [partner, frying_pan, stove]]
	fried egg - fried_egg
		[pour [partner, tea_bowl, mixing_bowl_1], pour [human, olive_oil_bowl, frying_pan], pour [human, eggs_bowl, frying_pan], move [partner, frying_pan, stove], mix [human, frying_pan, whisk]]
	scrambled egg - scrambled_egg
		[pour [partner, tea_bowl, mixing_bowl_1], pour [human, olive_oil_bowl, frying_pan], move [human, frying_pan, stove], move [human, frying_pan, counter], pour [human, eggs_bowl, frying_pan], mix [human, frying_pan, whisk], move [human, frying_pan, stove]]
	tea - hot_tea
		[pour [partner, tea_bowl, mixing_bowl_1], pour [partner, water_bowl, mixing_bowl_1], mix [human, mixing_bowl_1, whisk], pour [human, mixing_bowl_1, frying_pan], move [human, frying_pan, stove]]

pour [partner, eggs_bowl, frying_pan]
	pancake - pancake
		[pour [partner, eggs_bowl, frying_pan], pour [human, frying_pan, mixing_bowl_1], pour [partner, flour_bowl, mixing_bowl_1], pour [partner, milk_bowl, mixing_bowl_1], mix [partner, mixing_bowl_1, whisk], pour [human, mixing_bowl_1, frying_pan], move [human, frying_pan, stove]]
	fried egg - fried_egg
		[pour [partner, eggs_bowl, frying_pan], pour [human, butter_bowl, frying_pan], move [human, frying_pan, stove], mix [partner, frying_pan, whisk]]
	scrambled egg - scrambled_egg
		[pour [partner, eggs_bowl, frying_pan], pour [partner, frying_pan, mixing_bowl_1], pour [human, butter_bowl, frying_pan], move [human, frying_pan, stove], move [human, frying_pan, counter], pour [human, mixing_bowl_1, frying_pan], mix [partner, frying_pan, whisk], move [partner, frying_pan, stove]]
	tea - hot_tea
		[pour [partner, eggs_bowl, frying_pan], pour [partner, water_bowl, mixing_bowl_1], pour [human, frying_pan, trash], pour [partner, tea_bowl, mixing_bowl_1], mix [partner, mixing_bowl_1, whisk], pour [human, mixing_bowl_1, frying_pan], move [partner, frying_pan, stove]]

NullAction [partner]
	pancake - pancake
		[pour [partner, eggs_bowl, mixing_bowl_1], pour [partner, flour_bowl, mixing_bowl_1], pour [partner, milk_bowl, mixing_bowl_1], mix [partner, mixing_bowl_1, whisk], pour [human, mixing_bowl_1, frying_pan], move [partner, frying_pan, stove]]
	fried egg - fried_egg
		[pour [partner, butter_bowl, frying_pan], pour [human, eggs_bowl, frying_pan], move [partner, frying_pan, stove], mix [partner, frying_pan, whisk]]
	scrambled egg - scrambled_egg
		[pour [human, olive_oil_bowl, frying_pan], move [partner, frying_pan, stove], move [human, frying_pan, counter], pour [human, eggs_bowl, frying_pan], mix [partner, frying_pan, whisk], move [human, frying_pan, stove]]
	tea - hot_tea
		[pour [human, water_bowl, mixing_bowl_1], pour [partner, tea_bowl, mixing_bowl_1], mix [human, mixing_bowl_1, whisk], pour [partner, mixing_bowl_1, frying_pan], move [partner, frying_pan, stove]]

pour [partner, milk_bowl, mixing_bowl_1]
	pancake - pancake
		[pour [partner, milk_bowl, mixing_bowl_1], pour [human, flour_bowl, mixing_bowl_1], pour [partner, eggs_bowl, mixing_bowl_1], mix [partner, mixing_bowl_1, whisk], pour [human, mixing_bowl_1, frying_pan], move [human, frying_pan, stove]]
	fried egg - fried_egg
		[pour [partner, milk_bowl, mixing_bowl_1], pour [partner, eggs_bowl, frying_pan], pour [human, butter_bowl, frying_pan], move [human, frying_pan, stove], mix [human, frying_pan, whisk]]
	scrambled egg - scrambled_egg
		[pour [partner, milk_bowl, mixing_bowl_1], pour [partner, olive_oil_bowl, frying_pan], move [human, frying_pan, stove], move [human, frying_pan, counter], pour [partner, eggs_bowl, frying_pan], mix [human, frying_pan, whisk], move [human, frying_pan, stove]]
	tea - hot_tea
		[pour [partner, milk_bowl, mixing_bowl_1], pour [human, mixing_bowl_1, trash], pour [human, water_bowl, mixing_bowl_1], pour [human, tea_bowl, mixing_bowl_1], mix [human, mixing_bowl_1, whisk], pour [partner, mixing_bowl_1, frying_pan], move [human, frying_pan, stove]]

pour [partner, water_bowl, mixing_bowl_1]
	pancake - pancake
		[pour [partner, water_bowl, mixing_bowl_1], pour [partner, mixing_bowl_1, trash], pour [human, milk_bowl, mixing_bowl_1], pour [human, flour_bowl, mixing_bowl_1], pour [partner, eggs_bowl, mixing_bowl_1], mix [partner, mixing_bowl_1, whisk], pour [human, mixing_bowl_1, frying_pan], move [partner, frying_pan, stove]]
	fried egg - fried_egg
		[pour [partner, water_bowl, mixing_bowl_1], pour [partner, butter_bowl, frying_pan], pour [human, eggs_bowl, frying_pan], move [partner, frying_pan, stove], mix [partner, frying_pan, whisk]]
	scrambled egg - scrambled_egg
		[pour [partner, water_bowl, mixing_bowl_1], pour [partner, butter_bowl, frying_pan], move [partner, frying_pan, stove], move [partner, frying_pan, counter], pour [human, eggs_bowl, frying_pan], mix [partner, frying_pan, whisk], move [partner, frying_pan, stove]]
	tea - hot_tea
		[pour [partner, water_bowl, mixing_bowl_1], pour [partner, tea_bowl, mixing_bowl_1], mix [partner, mixing_bowl_1, whisk], pour [human, mixing_bowl_1, frying_pan], move [partner, frying_pan, stove]]

pour [partner, flour_bowl, mixing_bowl_1]: 93.05153202285788
pour [partner, eggs_bowl, mixing_bowl_1]: 93.12779067762116
pour [partner, eggs_bowl, frying_pan]: 97.82177886066022
pour [partner, olive_oil_bowl, frying_pan]: 90.19862322054954
pour [partner, tea_bowl, mixing_bowl_1]: 90.68090519596453
pour [partner, milk_bowl, mixing_bowl_1]: 93.05153202285788
pour [partner, water_bowl, mixing_bowl_1]: 90.26918240289521
NullAction [partner]: 86.47107425971072
Partner chose to wait
human scheduled actions
-partner
	pour [partner, water_bowl, mixing_bowl_1], 0.0, 16.20926585164371
	pour [partner, tea_bowl, mixing_bowl_1], 16.209265851643714, 32.42551378769292
	mix [partner, mixing_bowl_1, whisk], 32.42551378769292, 43.952378634815
	pour [partner, mixing_bowl_1, frying_pan], 43.952378634815, 61.29337934346169
	move [partner, frying_pan, stove], 61.293379343461694, 77.37978118686836
-human
Previous Distribution
coffee with milk - coffee_with_milk: 0.0
cereal with milk - cereal_with_milk: 0.0
pancake - pancake: 0.22388059701492538
fried egg - fried_egg: 0.17910447761194032
scrambled egg - scrambled_egg: 0.2985074626865672
chocolate milk - chocolate_milk: 0.0
tea - hot_tea: 0.2985074626865672


Current Distribution
pancake - pancake: 0.22388059701492538
fried egg - fried_egg: 0.17910447761194032
scrambled egg - scrambled_egg: 0.2985074626865672
tea - hot_tea: 0.2985074626865672


pour [partner, olive_oil_bowl, frying_pan]
	pancake - pancake
		[pour [partner, olive_oil_bowl, frying_pan], pour [partner, eggs_bowl, mixing_bowl_1], pour [human, frying_pan, trash], pour [human, flour_bowl, mixing_bowl_1], pour [partner, milk_bowl, mixing_bowl_1], mix [partner, mixing_bowl_1, whisk], pour [human, mixing_bowl_1, frying_pan], move [partner, frying_pan, stove]]
	fried egg - fried_egg
		[pour [partner, olive_oil_bowl, frying_pan], pour [partner, eggs_bowl, frying_pan], move [partner, frying_pan, stove], mix [human, frying_pan, whisk]]
	scrambled egg - scrambled_egg
		[pour [partner, olive_oil_bowl, frying_pan], move [partner, frying_pan, stove], move [human, frying_pan, counter], pour [human, eggs_bowl, frying_pan], mix [partner, frying_pan, whisk], move [partner, frying_pan, stove]]
	tea - hot_tea
		[pour [partner, olive_oil_bowl, frying_pan], pour [partner, frying_pan, trash], pour [human, tea_bowl, mixing_bowl_1], pour [partner, water_bowl, mixing_bowl_1], mix [partner, mixing_bowl_1, whisk], pour [partner, mixing_bowl_1, frying_pan], move [partner, frying_pan, stove]]

pour [partner, eggs_bowl, mixing_bowl_1]
	pancake - pancake
		[pour [partner, eggs_bowl, mixing_bowl_1], pour [partner, milk_bowl, mixing_bowl_1], pour [partner, flour_bowl, mixing_bowl_1], mix [human, mixing_bowl_1, whisk], pour [partner, mixing_bowl_1, frying_pan], move [partner, frying_pan, stove]]
	fried egg - fried_egg
		[pour [partner, eggs_bowl, mixing_bowl_1], pour [human, mixing_bowl_1, frying_pan], pour [human, butter_bowl, frying_pan], move [partner, frying_pan, stove], mix [partner, frying_pan, whisk]]
	scrambled egg - scrambled_egg
		[pour [partner, eggs_bowl, mixing_bowl_1], pour [human, butter_bowl, frying_pan], move [human, frying_pan, stove], move [human, frying_pan, counter], pour [human, mixing_bowl_1, frying_pan], mix [partner, frying_pan, whisk], move [partner, frying_pan, stove]]
	tea - hot_tea
		[pour [partner, eggs_bowl, mixing_bowl_1], pour [human, mixing_bowl_1, trash], pour [human, tea_bowl, mixing_bowl_1], pour [human, water_bowl, mixing_bowl_1], mix [partner, mixing_bowl_1, whisk], pour [human, mixing_bowl_1, frying_pan], move [human, frying_pan, stove]]

pour [partner, flour_bowl, mixing_bowl_1]
	pancake - pancake
		[pour [partner, flour_bowl, mixing_bowl_1], pour [human, milk_bowl, mixing_bowl_1], pour [partner, eggs_bowl, mixing_bowl_1], mix [partner, mixing_bowl_1, whisk], pour [partner, mixing_bowl_1, frying_pan], move [partner, frying_pan, stove]]
	fried egg - fried_egg
		[pour [partner, flour_bowl, mixing_bowl_1], pour [partner, butter_bowl, frying_pan], pour [partner, eggs_bowl, frying_pan], move [partner, frying_pan, stove], mix [human, frying_pan, whisk]]
	scrambled egg - scrambled_egg
		[pour [partner, flour_bowl, mixing_bowl_1], pour [partner, butter_bowl, frying_pan], move [partner, frying_pan, stove], move [human, frying_pan, counter], pour [human, eggs_bowl, frying_pan], mix [partner, frying_pan, whisk], move [human, frying_pan, stove]]
	tea - hot_tea
		[pour [partner, flour_bowl, mixing_bowl_1], pour [partner, mixing_bowl_1, trash], pour [human, tea_bowl, mixing_bowl_1], pour [partner, water_bowl, mixing_bowl_1], mix [partner, mixing_bowl_1, whisk], pour [partner, mixing_bowl_1, frying_pan], move [partner, frying_pan, stove]]

pour [partner, milk_bowl, mixing_bowl_1]
	pancake - pancake
		[pour [partner, milk_bowl, mixing_bowl_1], pour [partner, eggs_bowl, mixing_bowl_1], pour [partner, flour_bowl, mixing_bowl_1], mix [human, mixing_bowl_1, whisk], pour [partner, mixing_bowl_1, frying_pan], move [human, frying_pan, stove]]
	fried egg - fried_egg
		[pour [partner, milk_bowl, mixing_bowl_1], pour [human, eggs_bowl, frying_pan], pour [human, butter_bowl, frying_pan], move [partner, frying_pan, stove], mix [partner, frying_pan, whisk]]
	scrambled egg - scrambled_egg
		[pour [partner, milk_bowl, mixing_bowl_1], pour [human, olive_oil_bowl, frying_pan], move [human, frying_pan, stove], move [partner, frying_pan, counter], pour [human, eggs_bowl, frying_pan], mix [human, frying_pan, whisk], move [partner, frying_pan, stove]]
	tea - hot_tea
		[pour [partner, milk_bowl, mixing_bowl_1], pour [partner, mixing_bowl_1, trash], pour [human, tea_bowl, mixing_bowl_1], pour [partner, water_bowl, mixing_bowl_1], mix [human, mixing_bowl_1, whisk], pour [human, mixing_bowl_1, frying_pan], move [partner, frying_pan, stove]]

pour [partner, eggs_bowl, frying_pan]
	pancake - pancake
		[pour [partner, eggs_bowl, frying_pan], pour [partner, frying_pan, mixing_bowl_1], pour [partner, flour_bowl, mixing_bowl_1], pour [partner, milk_bowl, mixing_bowl_1], mix [human, mixing_bowl_1, whisk], pour [partner, mixing_bowl_1, frying_pan], move [human, frying_pan, stove]]
	fried egg - fried_egg
		[pour [partner, eggs_bowl, frying_pan], pour [partner, olive_oil_bowl, frying_pan], move [partner, frying_pan, stove], mix [partner, frying_pan, whisk]]
	scrambled egg - scrambled_egg
		[pour [partner, eggs_bowl, frying_pan], pour [partner, frying_pan, mixing_bowl_1], pour [human, olive_oil_bowl, frying_pan], move [human, frying_pan, stove], move [partner, frying_pan, counter], pour [human, mixing_bowl_1, frying_pan], mix [human, frying_pan, whisk], move [human, frying_pan, stove]]
	tea - hot_tea
		[pour [partner, eggs_bowl, frying_pan], pour [partner, tea_bowl, mixing_bowl_1], pour [human, frying_pan, trash], pour [partner, water_bowl, mixing_bowl_1], mix [partner, mixing_bowl_1, whisk], pour [partner, mixing_bowl_1, frying_pan], move [human, frying_pan, stove]]

pour [partner, tea_bowl, mixing_bowl_1]
	pancake - pancake
		[pour [partner, tea_bowl, mixing_bowl_1], pour [human, mixing_bowl_1, trash], pour [human, milk_bowl, mixing_bowl_1], pour [human, flour_bowl, mixing_bowl_1], pour [partner, eggs_bowl, mixing_bowl_1], mix [partner, mixing_bowl_1, whisk], pour [partner, mixing_bowl_1, frying_pan], move [partner, frying_pan, stove]]
	fried egg - fried_egg
		[pour [partner, tea_bowl, mixing_bowl_1], pour [partner, olive_oil_bowl, frying_pan], pour [human, eggs_bowl, frying_pan], move [partner, frying_pan, stove], mix [partner, frying_pan, whisk]]
	scrambled egg - scrambled_egg
		[pour [partner, tea_bowl, mixing_bowl_1], pour [partner, butter_bowl, frying_pan], move [partner, frying_pan, stove], move [human, frying_pan, counter], pour [partner, eggs_bowl, frying_pan], mix [human, frying_pan, whisk], move [human, frying_pan, stove]]
	tea - hot_tea
		[pour [partner, tea_bowl, mixing_bowl_1], pour [human, water_bowl, mixing_bowl_1], mix [partner, mixing_bowl_1, whisk], pour [partner, mixing_bowl_1, frying_pan], move [human, frying_pan, stove]]

pour [partner, water_bowl, mixing_bowl_1]
	pancake - pancake
		[pour [partner, water_bowl, mixing_bowl_1], pour [partner, mixing_bowl_1, trash], pour [human, eggs_bowl, mixing_bowl_1], pour [human, flour_bowl, mixing_bowl_1], pour [partner, milk_bowl, mixing_bowl_1], mix [human, mixing_bowl_1, whisk], pour [partner, mixing_bowl_1, frying_pan], move [human, frying_pan, stove]]
	fried egg - fried_egg
		[pour [partner, water_bowl, mixing_bowl_1], pour [human, olive_oil_bowl, frying_pan], pour [human, eggs_bowl, frying_pan], move [partner, frying_pan, stove], mix [partner, frying_pan, whisk]]
	scrambled egg - scrambled_egg
		[pour [partner, water_bowl, mixing_bowl_1], pour [partner, olive_oil_bowl, frying_pan], move [partner, frying_pan, stove], move [partner, frying_pan, counter], pour [human, eggs_bowl, frying_pan], mix [partner, frying_pan, whisk], move [partner, frying_pan, stove]]
	tea - hot_tea
		[pour [partner, water_bowl, mixing_bowl_1], pour [partner, tea_bowl, mixing_bowl_1], mix [partner, mixing_bowl_1, whisk], pour [human, mixing_bowl_1, frying_pan], move [partner, frying_pan, stove]]

NullAction [partner]
	pancake - pancake
		[pour [partner, milk_bowl, mixing_bowl_1], pour [partner, eggs_bowl, mixing_bowl_1], pour [partner, flour_bowl, mixing_bowl_1], mix [human, mixing_bowl_1, whisk], pour [partner, mixing_bowl_1, frying_pan], move [human, frying_pan, stove]]
	fried egg - fried_egg
		[pour [human, eggs_bowl, frying_pan], pour [partner, olive_oil_bowl, frying_pan], move [partner, frying_pan, stove], mix [human, frying_pan, whisk]]
	scrambled egg - scrambled_egg
		[pour [human, butter_bowl, frying_pan], move [human, frying_pan, stove], move [human, frying_pan, counter], pour [human, eggs_bowl, frying_pan], mix [partner, frying_pan, whisk], move [human, frying_pan, stove]]
	tea - hot_tea
		[pour [human, water_bowl, mixing_bowl_1], pour [partner, tea_bowl, mixing_bowl_1], mix [partner, mixing_bowl_1, whisk], pour [partner, mixing_bowl_1, frying_pan], move [human, frying_pan, stove]]

pour [partner, butter_bowl, frying_pan]
	pancake - pancake
		[pour [partner, butter_bowl, frying_pan], pour [partner, flour_bowl, mixing_bowl_1], pour [human, frying_pan, trash], pour [human, eggs_bowl, mixing_bowl_1], pour [human, milk_bowl, mixing_bowl_1], mix [partner, mixing_bowl_1, whisk], pour [partner, mixing_bowl_1, frying_pan], move [partner, frying_pan, stove]]
	fried egg - fried_egg
		[pour [partner, butter_bowl, frying_pan], pour [human, eggs_bowl, frying_pan], move [partner, frying_pan, stove], mix [human, frying_pan, whisk]]
	scrambled egg - scrambled_egg
		[pour [partner, butter_bowl, frying_pan], move [partner, frying_pan, stove], move [partner, frying_pan, counter], pour [human, eggs_bowl, frying_pan], mix [human, frying_pan, whisk], move [partner, frying_pan, stove]]
	tea - hot_tea
		[pour [partner, butter_bowl, frying_pan], pour [human, tea_bowl, mixing_bowl_1], pour [partner, frying_pan, trash], pour [human, water_bowl, mixing_bowl_1], mix [partner, mixing_bowl_1, whisk], pour [human, mixing_bowl_1, frying_pan], move [partner, frying_pan, stove]]

pour [partner, flour_bowl, mixing_bowl_1]: 93.05153202285788
pour [partner, eggs_bowl, mixing_bowl_1]: 93.12779067762116
pour [partner, olive_oil_bowl, frying_pan]: 90.19862322054954
pour [partner, eggs_bowl, frying_pan]: 97.82177886066022
pour [partner, butter_bowl, frying_pan]: 90.19862322054954
pour [partner, tea_bowl, mixing_bowl_1]: 90.26918240289521
pour [partner, milk_bowl, mixing_bowl_1]: 93.05153202285788
pour [partner, water_bowl, mixing_bowl_1]: 90.738099187037
NullAction [partner]: 86.4418454039895
Partner chose to wait
human scheduled actions
-partner
	pour [partner, water_bowl, mixing_bowl_1], 0.0, 16.091850187375726
	pour [partner, tea_bowl, mixing_bowl_1], 16.091850187375726, 33.47577659942884
	mix [partner, mixing_bowl_1, whisk], 33.47577659942884, 44.43510498921853
	pour [partner, mixing_bowl_1, frying_pan], 44.43510498921853, 60.56984495422971
	move [partner, frying_pan, stove], 60.569844954229715, 76.78177596650298
-human
Previous Distribution
coffee with milk - coffee_with_milk: 0.0
cereal with milk - cereal_with_milk: 0.0
pancake - pancake: 0.22388059701492538
fried egg - fried_egg: 0.17910447761194032
scrambled egg - scrambled_egg: 0.2985074626865672
chocolate milk - chocolate_milk: 0.0
tea - hot_tea: 0.2985074626865672


Current Distribution
pancake - pancake: 0.22388059701492538
fried egg - fried_egg: 0.17910447761194032
scrambled egg - scrambled_egg: 0.2985074626865672
tea - hot_tea: 0.2985074626865672


pour [partner, olive_oil_bowl, frying_pan]
	pancake - pancake
		[pour [partner, olive_oil_bowl, frying_pan], pour [partner, flour_bowl, mixing_bowl_1], pour [partner, eggs_bowl, mixing_bowl_1], pour [human, frying_pan, trash], pour [partner, milk_bowl, mixing_bowl_1], mix [human, mixing_bowl_1, whisk], pour [human, mixing_bowl_1, frying_pan], move [partner, frying_pan, stove]]
	fried egg - fried_egg
		[pour [partner, olive_oil_bowl, frying_pan], pour [partner, eggs_bowl, frying_pan], move [partner, frying_pan, stove], mix [partner, frying_pan, whisk]]
	scrambled egg - scrambled_egg
		[pour [partner, olive_oil_bowl, frying_pan], move [partner, frying_pan, stove], move [human, frying_pan, counter], pour [partner, eggs_bowl, frying_pan], mix [human, frying_pan, whisk], move [partner, frying_pan, stove]]
	tea - hot_tea
		[pour [partner, olive_oil_bowl, frying_pan], pour [partner, frying_pan, trash], pour [human, water_bowl, mixing_bowl_1], pour [human, tea_bowl, mixing_bowl_1], mix [partner, mixing_bowl_1, whisk], pour [human, mixing_bowl_1, frying_pan], move [partner, frying_pan, stove]]

pour [partner, eggs_bowl, mixing_bowl_1]
	pancake - pancake
		[pour [partner, eggs_bowl, mixing_bowl_1], pour [human, milk_bowl, mixing_bowl_1], pour [human, flour_bowl, mixing_bowl_1], mix [human, mixing_bowl_1, whisk], pour [partner, mixing_bowl_1, frying_pan], move [human, frying_pan, stove]]
	fried egg - fried_egg
		[pour [partner, eggs_bowl, mixing_bowl_1], pour [human, olive_oil_bowl, frying_pan], pour [partner, mixing_bowl_1, frying_pan], move [partner, frying_pan, stove], mix [partner, frying_pan, whisk]]
	scrambled egg - scrambled_egg
		[pour [partner, eggs_bowl, mixing_bowl_1], pour [partner, olive_oil_bowl, frying_pan], move [partner, frying_pan, stove], move [partner, frying_pan, counter], pour [human, mixing_bowl_1, frying_pan], mix [human, frying_pan, whisk], move [human, frying_pan, stove]]
	tea - hot_tea
		[pour [partner, eggs_bowl, mixing_bowl_1], pour [human, mixing_bowl_1, trash], pour [human, water_bowl, mixing_bowl_1], pour [human, tea_bowl, mixing_bowl_1], mix [human, mixing_bowl_1, whisk], pour [partner, mixing_bowl_1, frying_pan], move [partner, frying_pan, stove]]

pour [partner, eggs_bowl, frying_pan]
	pancake - pancake
		[pour [partner, eggs_bowl, frying_pan], pour [human, frying_pan, mixing_bowl_1], pour [partner, flour_bowl, mixing_bowl_1], pour [human, milk_bowl, mixing_bowl_1], mix [partner, mixing_bowl_1, whisk], pour [human, mixing_bowl_1, frying_pan], move [human, frying_pan, stove]]
	fried egg - fried_egg
		[pour [partner, eggs_bowl, frying_pan], pour [partner, olive_oil_bowl, frying_pan], move [human, frying_pan, stove], mix [human, frying_pan, whisk]]
	scrambled egg - scrambled_egg
		[pour [partner, eggs_bowl, frying_pan], pour [partner, frying_pan, mixing_bowl_1], pour [partner, olive_oil_bowl, frying_pan], move [human, frying_pan, stove], move [partner, frying_pan, counter], pour [human, mixing_bowl_1, frying_pan], mix [human, frying_pan, whisk], move [human, frying_pan, stove]]
	tea - hot_tea
		[pour [partner, eggs_bowl, frying_pan], pour [partner, water_bowl, mixing_bowl_1], pour [human, tea_bowl, mixing_bowl_1], mix [human, mixing_bowl_1, whisk], pour [human, frying_pan, trash], pour [partner, mixing_bowl_1, frying_pan], move [human, frying_pan, stove]]

pour [partner, flour_bowl, mixing_bowl_1]
	pancake - pancake
		[pour [partner, flour_bowl, mixing_bowl_1], pour [human, milk_bowl, mixing_bowl_1], pour [partner, eggs_bowl, mixing_bowl_1], mix [partner, mixing_bowl_1, whisk], pour [human, mixing_bowl_1, frying_pan], move [partner, frying_pan, stove]]
	fried egg - fried_egg
		[pour [partner, flour_bowl, mixing_bowl_1], pour [partner, olive_oil_bowl, frying_pan], pour [partner, eggs_bowl, frying_pan], move [human, frying_pan, stove], mix [partner, frying_pan, whisk]]
	scrambled egg - scrambled_egg
		[pour [partner, flour_bowl, mixing_bowl_1], pour [human, olive_oil_bowl, frying_pan], move [partner, frying_pan, stove], move [human, frying_pan, counter], pour [partner, eggs_bowl, frying_pan], mix [partner, frying_pan, whisk], move [human, frying_pan, stove]]
	tea - hot_tea
		[pour [partner, flour_bowl, mixing_bowl_1], pour [human, mixing_bowl_1, trash], pour [partner, water_bowl, mixing_bowl_1], pour [human, tea_bowl, mixing_bowl_1], mix [partner, mixing_bowl_1, whisk], pour [partner, mixing_bowl_1, frying_pan], move [human, frying_pan, stove]]

pour [partner, butter_bowl, frying_pan]
	pancake - pancake
		[pour [partner, butter_bowl, frying_pan], pour [human, frying_pan, trash], pour [human, milk_bowl, mixing_bowl_1], pour [partner, flour_bowl, mixing_bowl_1], pour [human, eggs_bowl, mixing_bowl_1], mix [partner, mixing_bowl_1, whisk], pour [human, mixing_bowl_1, frying_pan], move [human, frying_pan, stove]]
	fried egg - fried_egg
		[pour [partner, butter_bowl, frying_pan], pour [human, eggs_bowl, frying_pan], move [human, frying_pan, stove], mix [partner, frying_pan, whisk]]
	scrambled egg - scrambled_egg
		[pour [partner, butter_bowl, frying_pan], move [human, frying_pan, stove], move [partner, frying_pan, counter], pour [human, eggs_bowl, frying_pan], mix [human, frying_pan, whisk], move [human, frying_pan, stove]]
	tea - hot_tea
		[pour [partner, butter_bowl, frying_pan], pour [partner, tea_bowl, mixing_bowl_1], pour [human, frying_pan, trash], pour [human, water_bowl, mixing_bowl_1], mix [partner, mixing_bowl_1, whisk], pour [human, mixing_bowl_1, frying_pan], move [human, frying_pan, stove]]

pour [partner, tea_bowl, mixing_bowl_1]
	pancake - pancake
		[pour [partner, tea_bowl, mixing_bowl_1], pour [human, mixing_bowl_1, trash], pour [partner, milk_bowl, mixing_bowl_1], pour [human, eggs_bowl, mixing_bowl_1], pour [human, flour_bowl, mixing_bowl_1], mix [partner, mixing_bowl_1, whisk], pour [partner, mixing_bowl_1, frying_pan], move [human, frying_pan, stove]]
	fried egg - fried_egg
		[pour [partner, tea_bowl, mixing_bowl_1], pour [human, olive_oil_bowl, frying_pan], pour [human, eggs_bowl, frying_pan], move [partner, frying_pan, stove], mix [partner, frying_pan, whisk]]
	scrambled egg - scrambled_egg
		[pour [partner, tea_bowl, mixing_bowl_1], pour [human, olive_oil_bowl, frying_pan], move [human, frying_pan, stove], move [partner, frying_pan, counter], pour [human, eggs_bowl, frying_pan], mix [human, frying_pan, whisk], move [partner, frying_pan, stove]]
	tea - hot_tea
		[pour [partner, tea_bowl, mixing_bowl_1], pour [partner, water_bowl, mixing_bowl_1], mix [human, mixing_bowl_1, whisk], pour [partner, mixing_bowl_1, frying_pan], move [human, frying_pan, stove]]

pour [partner, milk_bowl, mixing_bowl_1]
	pancake - pancake
		[pour [partner, milk_bowl, mixing_bowl_1], pour [partner, flour_bowl, mixing_bowl_1], pour [human, eggs_bowl, mixing_bowl_1], mix [partner, mixing_bowl_1, whisk], pour [human, mixing_bowl_1, frying_pan], move [human, frying_pan, stove]]
	fried egg - fried_egg
		[pour [partner, milk_bowl, mixing_bowl_1], pour [partner, olive_oil_bowl, frying_pan], pour [human, eggs_bowl, frying_pan], move [partner, frying_pan, stove], mix [partner, frying_pan, whisk]]
	scrambled egg - scrambled_egg
		[pour [partner, milk_bowl, mixing_bowl_1], pour [human, butter_bowl, frying_pan], move [partner, frying_pan, stove], move [partner, frying_pan, counter], pour [human, eggs_bowl, frying_pan], mix [partner, frying_pan, whisk], move [human, frying_pan, stove]]
	tea - hot_tea
		[pour [partner, milk_bowl, mixing_bowl_1], pour [human, mixing_bowl_1, trash], pour [partner, water_bowl, mixing_bowl_1], pour [human, tea_bowl, mixing_bowl_1], mix [human, mixing_bowl_1, whisk], pour [human, mixing_bowl_1, frying_pan], move [partner, frying_pan, stove]]

pour [partner, water_bowl, mixing_bowl_1]
	pancake - pancake
		[pour [partner, water_bowl, mixing_bowl_1], pour [human, mixing_bowl_1, trash], pour [human, milk_bowl, mixing_bowl_1], pour [partner, eggs_bowl, mixing_bowl_1], pour [partner, flour_bowl, mixing_bowl_1], mix [partner, mixing_bowl_1, whisk], pour [human, mixing_bowl_1, frying_pan], move [partner, frying_pan, stove]]
	fried egg - fried_egg
		[pour [partner, water_bowl, mixing_bowl_1], pour [human, butter_bowl, frying_pan], pour [human, eggs_bowl, frying_pan], move [human, frying_pan, stove], mix [partner, frying_pan, whisk]]
	scrambled egg - scrambled_egg
		[pour [partner, water_bowl, mixing_bowl_1], pour [partner, butter_bowl, frying_pan], move [partner, frying_pan, stove], move [partner, frying_pan, counter], pour [partner, eggs_bowl, frying_pan], mix [partner, frying_pan, whisk], move [human, frying_pan, stove]]
	tea - hot_tea
		[pour [partner, water_bowl, mixing_bowl_1], pour [human, tea_bowl, mixing_bowl_1], mix [human, mixing_bowl_1, whisk], pour [human, mixing_bowl_1, frying_pan], move [human, frying_pan, stove]]

NullAction [partner]
	pancake - pancake
		[pour [partner, flour_bowl, mixing_bowl_1], pour [human, eggs_bowl, mixing_bowl_1], pour [partner, milk_bowl, mixing_bowl_1], mix [partner, mixing_bowl_1, whisk], pour [human, mixing_bowl_1, frying_pan], move [partner, frying_pan, stove]]
	fried egg - fried_egg
		[pour [partner, eggs_bowl, frying_pan], pour [partner, olive_oil_bowl, frying_pan], move [partner, frying_pan, stove], mix [human, frying_pan, whisk]]
	scrambled egg - scrambled_egg
		[pour [human, butter_bowl, frying_pan], move [partner, frying_pan, stove], move [partner, frying_pan, counter], pour [human, eggs_bowl, frying_pan], mix [partner, frying_pan, whisk], move [human, frying_pan, stove]]
	tea - hot_tea
		[pour [human, tea_bowl, mixing_bowl_1], pour [human, water_bowl, mixing_bowl_1], mix [human, mixing_bowl_1, whisk], pour [partner, mixing_bowl_1, frying_pan], move [partner, frying_pan, stove]]

pour [partner, flour_bowl, mixing_bowl_1]: 93.05153202285788
pour [partner, eggs_bowl, mixing_bowl_1]: 93.12779067762116
pour [partner, eggs_bowl, frying_pan]: 97.82177886066022
pour [partner, olive_oil_bowl, frying_pan]: 90.19862322054954
pour [partner, butter_bowl, frying_pan]: 92.58716049520042
pour [partner, tea_bowl, mixing_bowl_1]: 90.68090519596453
pour [partner, milk_bowl, mixing_bowl_1]: 93.05153202285788
pour [partner, water_bowl, mixing_bowl_1]: 90.738099187037
NullAction [partner]: 86.36558674922622
Partner chose to wait
human scheduled actions
-partner
	pour [partner, tea_bowl, mixing_bowl_1], 0.0, 15.628371015509613
	pour [partner, water_bowl, mixing_bowl_1], 15.628371015509613, 31.188594364329653
	wait, 31.188594364329653, 41.881322401196925
	pour [partner, mixing_bowl_1, frying_pan], 41.881322401196925, 58.05849615935442
-human
	wait, 0.0, 31.188594364329653
	mix [human, mixing_bowl_1, whisk], 31.188594364329653, 41.881322401196925
	wait, 41.881322401196925, 58.05849615935442
	move [human, frying_pan, stove], 58.05849615935442, 77.24651132523933
Previous Distribution
coffee with milk - coffee_with_milk: 0.0
cereal with milk - cereal_with_milk: 0.0
pancake - pancake: 0.22388059701492538
fried egg - fried_egg: 0.17910447761194032
scrambled egg - scrambled_egg: 0.2985074626865672
chocolate milk - chocolate_milk: 0.0
tea - hot_tea: 0.2985074626865672


Current Distribution
pancake - pancake: 0.22388059701492538
fried egg - fried_egg: 0.17910447761194032
scrambled egg - scrambled_egg: 0.2985074626865672
tea - hot_tea: 0.2985074626865672


pour [partner, eggs_bowl, mixing_bowl_1]
	pancake - pancake
		[pour [partner, eggs_bowl, mixing_bowl_1], pour [human, milk_bowl, mixing_bowl_1], pour [human, flour_bowl, mixing_bowl_1], mix [partner, mixing_bowl_1, whisk], pour [partner, mixing_bowl_1, frying_pan], move [partner, frying_pan, stove]]
	fried egg - fried_egg
		[pour [partner, eggs_bowl, mixing_bowl_1], pour [human, mixing_bowl_1, frying_pan], pour [human, olive_oil_bowl, frying_pan], move [partner, frying_pan, stove], mix [partner, frying_pan, whisk]]
	scrambled egg - scrambled_egg
		[pour [partner, eggs_bowl, mixing_bowl_1], pour [partner, olive_oil_bowl, frying_pan], move [human, frying_pan, stove], move [partner, frying_pan, counter], pour [human, mixing_bowl_1, frying_pan], mix [human, frying_pan, whisk], move [human, frying_pan, stove]]
	tea - hot_tea
		[pour [partner, eggs_bowl, mixing_bowl_1], pour [human, mixing_bowl_1, trash], pour [partner, tea_bowl, mixing_bowl_1], pour [human, water_bowl, mixing_bowl_1], mix [partner, mixing_bowl_1, whisk], pour [partner, mixing_bowl_1, frying_pan], move [partner, frying_pan, stove]]

pour [partner, olive_oil_bowl, frying_pan]
	pancake - pancake
		[pour [partner, olive_oil_bowl, frying_pan], pour [human, eggs_bowl, mixing_bowl_1], pour [partner, frying_pan, trash], pour [partner, milk_bowl, mixing_bowl_1], pour [human, flour_bowl, mixing_bowl_1], mix [partner, mixing_bowl_1, whisk], pour [partner, mixing_bowl_1, frying_pan], move [partner, frying_pan, stove]]
	fried egg - fried_egg
		[pour [partner, olive_oil_bowl, frying_pan], pour [human, eggs_bowl, frying_pan], move [human, frying_pan, stove], mix [partner, frying_pan, whisk]]
	scrambled egg - scrambled_egg
		[pour [partner, olive_oil_bowl, frying_pan], move [partner, frying_pan, stove], move [partner, frying_pan, counter], pour [partner, eggs_bowl, frying_pan], mix [partner, frying_pan, whisk], move [partner, frying_pan, stove]]
	tea - hot_tea
		[pour [partner, olive_oil_bowl, frying_pan], pour [human, water_bowl, mixing_bowl_1], pour [partner, frying_pan, trash], pour [partner, tea_bowl, mixing_bowl_1], mix [human, mixing_bowl_1, whisk], pour [partner, mixing_bowl_1, frying_pan], move [human, frying_pan, stove]]

pour [partner, eggs_bowl, frying_pan]
	pancake - pancake
		[pour [partner, eggs_bowl, frying_pan], pour [partner, frying_pan, mixing_bowl_1], pour [partner, flour_bowl, mixing_bowl_1], pour [human, milk_bowl, mixing_bowl_1], mix [human, mixing_bowl_1, whisk], pour [human, mixing_bowl_1, frying_pan], move [partner, frying_pan, stove]]
	fried egg - fried_egg
		[pour [partner, eggs_bowl, frying_pan], pour [human, olive_oil_bowl, frying_pan], move [partner, frying_pan, stove], mix [partner, frying_pan, whisk]]
	scrambled egg - scrambled_egg
		[pour [partner, eggs_bowl, frying_pan], pour [human, frying_pan, mixing_bowl_1], pour [human, olive_oil_bowl, frying_pan], move [human, frying_pan, stove], move [partner, frying_pan, counter], pour [human, mixing_bowl_1, frying_pan], mix [human, frying_pan, whisk], move [human, frying_pan, stove]]
	tea - hot_tea
		[pour [partner, eggs_bowl, frying_pan], pour [partner, water_bowl, mixing_bowl_1], pour [human, frying_pan, trash], pour [human, tea_bowl, mixing_bowl_1], mix [partner, mixing_bowl_1, whisk], pour [partner, mixing_bowl_1, frying_pan], move [human, frying_pan, stove]]

pour [partner, flour_bowl, mixing_bowl_1]
	pancake - pancake
		[pour [partner, flour_bowl, mixing_bowl_1], pour [partner, milk_bowl, mixing_bowl_1], pour [partner, eggs_bowl, mixing_bowl_1], mix [human, mixing_bowl_1, whisk], pour [human, mixing_bowl_1, frying_pan], move [partner, frying_pan, stove]]
	fried egg - fried_egg
		[pour [partner, flour_bowl, mixing_bowl_1], pour [human, olive_oil_bowl, frying_pan], pour [human, eggs_bowl, frying_pan], move [partner, frying_pan, stove], mix [human, frying_pan, whisk]]
	scrambled egg - scrambled_egg
		[pour [partner, flour_bowl, mixing_bowl_1], pour [partner, olive_oil_bowl, frying_pan], move [partner, frying_pan, stove], move [human, frying_pan, counter], pour [partner, eggs_bowl, frying_pan], mix [human, frying_pan, whisk], move [human, frying_pan, stove]]
	tea - hot_tea
		[pour [partner, flour_bowl, mixing_bowl_1], pour [human, mixing_bowl_1, trash], pour [human, tea_bowl, mixing_bowl_1], pour [partner, water_bowl, mixing_bowl_1], mix [human, mixing_bowl_1, whisk], pour [partner, mixing_bowl_1, frying_pan], move [partner, frying_pan, stove]]

pour [partner, tea_bowl, mixing_bowl_1]
	pancake - pancake
		[pour [partner, tea_bowl, mixing_bowl_1], pour [partner, mixing_bowl_1, trash], pour [human, milk_bowl, mixing_bowl_1], pour [human, flour_bowl, mixing_bowl_1], pour [human, eggs_bowl, mixing_bowl_1], mix [partner, mixing_bowl_1, whisk], pour [human, mixing_bowl_1, frying_pan], move [human, frying_pan, stove]]
	fried egg - fried_egg
		[pour [partner, tea_bowl, mixing_bowl_1], pour [partner, olive_oil_bowl, frying_pan], pour [partner, eggs_bowl, frying_pan], move [partner, frying_pan, stove], mix [human, frying_pan, whisk]]
	scrambled egg - scrambled_egg
		[pour [partner, tea_bowl, mixing_bowl_1], pour [human, olive_oil_bowl, frying_pan], move [human, frying_pan, stove], move [partner, frying_pan, counter], pour [partner, eggs_bowl, frying_pan], mix [human, frying_pan, whisk], move [partner, frying_pan, stove]]
	tea - hot_tea
		[pour [partner, tea_bowl, mixing_bowl_1], pour [partner, water_bowl, mixing_bowl_1], mix [partner, mixing_bowl_1, whisk], pour [human, mixing_bowl_1, frying_pan], move [partner, frying_pan, stove]]

pour [partner, milk_bowl, mixing_bowl_1]
	pancake - pancake
		[pour [partner, milk_bowl, mixing_bowl_1], pour [partner, eggs_bowl, mixing_bowl_1], pour [human, flour_bowl, mixing_bowl_1], mix [partner, mixing_bowl_1, whisk], pour [partner, mixing_bowl_1, frying_pan], move [human, frying_pan, stove]]
	fried egg - fried_egg
		[pour [partner, milk_bowl, mixing_bowl_1], pour [partner, olive_oil_bowl, frying_pan], pour [human, eggs_bowl, frying_pan], move [human, frying_pan, stove], mix [human, frying_pan, whisk]]
	scrambled egg - scrambled_egg
		[pour [partner, milk_bowl, mixing_bowl_1], pour [human, olive_oil_bowl, frying_pan], move [partner, frying_pan, stove], move [partner, frying_pan, counter], pour [partner, eggs_bowl, frying_pan], mix [partner, frying_pan, whisk], move [partner, frying_pan, stove]]
	tea - hot_tea
		[pour [partner, milk_bowl, mixing_bowl_1], pour [partner, mixing_bowl_1, trash], pour [partner, water_bowl, mixing_bowl_1], pour [partner, tea_bowl, mixing_bowl_1], mix [human, mixing_bowl_1, whisk], pour [human, mixing_bowl_1, frying_pan], move [partner, frying_pan, stove]]

pour [partner, water_bowl, mixing_bowl_1]
	pancake - pancake
		[pour [partner, water_bowl, mixing_bowl_1], pour [human, mixing_bowl_1, trash], pour [partner, flour_bowl, mixing_bowl_1], pour [partner, milk_bowl, mixing_bowl_1], pour [partner, eggs_bowl, mixing_bowl_1], mix [partner, mixing_bowl_1, whisk], pour [human, mixing_bowl_1, frying_pan], move [partner, frying_pan, stove]]
	fried egg - fried_egg
		[pour [partner, water_bowl, mixing_bowl_1], pour [partner, olive_oil_bowl, frying_pan], pour [partner, eggs_bowl, frying_pan], move [human, frying_pan, stove], mix [human, frying_pan, whisk]]
	scrambled egg - scrambled_egg
		[pour [partner, water_bowl, mixing_bowl_1], pour [human, butter_bowl, frying_pan], move [human, frying_pan, stove], move [partner, frying_pan, counter], pour [human, eggs_bowl, frying_pan], mix [partner, frying_pan, whisk], move [partner, frying_pan, stove]]
	tea - hot_tea
		[pour [partner, water_bowl, mixing_bowl_1], pour [human, tea_bowl, mixing_bowl_1], mix [partner, mixing_bowl_1, whisk], pour [human, mixing_bowl_1, frying_pan], move [human, frying_pan, stove]]

NullAction [partner]
	pancake - pancake
		[pour [partner, milk_bowl, mixing_bowl_1], pour [human, eggs_bowl, mixing_bowl_1], pour [human, flour_bowl, mixing_bowl_1], mix [human, mixing_bowl_1, whisk], pour [partner, mixing_bowl_1, frying_pan], move [human, frying_pan, stove]]
	fried egg - fried_egg
		[pour [human, eggs_bowl, frying_pan], pour [human, olive_oil_bowl, frying_pan], move [partner, frying_pan, stove], mix [human, frying_pan, whisk]]
	scrambled egg - scrambled_egg
		[pour [partner, olive_oil_bowl, frying_pan], move [human, frying_pan, stove], move [human, frying_pan, counter], pour [human, eggs_bowl, frying_pan], mix [partner, frying_pan, whisk], move [human, frying_pan, stove]]
	tea - hot_tea
		[pour [partner, water_bowl, mixing_bowl_1], pour [human, tea_bowl, mixing_bowl_1], mix [human, mixing_bowl_1, whisk], pour [human, mixing_bowl_1, frying_pan], move [partner, frying_pan, stove]]

pour [partner, flour_bowl, mixing_bowl_1]: 93.05153202285788
pour [partner, eggs_bowl, mixing_bowl_1]: 93.12779067762116
pour [partner, eggs_bowl, frying_pan]: 97.82177886066022
pour [partner, olive_oil_bowl, frying_pan]: 90.19862322054954
pour [partner, tea_bowl, mixing_bowl_1]: 90.26918240289521
pour [partner, milk_bowl, mixing_bowl_1]: 93.05153202285788
pour [partner, water_bowl, mixing_bowl_1]: 90.26918240289521
NullAction [partner]: 86.4418454039895
Partner chose to wait
Human chose pour [human, water_bowl, mixing_bowl_1]
Previous Distribution
coffee with milk - coffee_with_milk: 0.0
cereal with milk - cereal_with_milk: 0.0
pancake - pancake: 0.22388059701492538
fried egg - fried_egg: 0.17910447761194032
scrambled egg - scrambled_egg: 0.2985074626865672
chocolate milk - chocolate_milk: 0.0
tea - hot_tea: 0.2985074626865672


Current Distribution
pancake - pancake: 0.22388059701492538
fried egg - fried_egg: 0.17910447761194032
scrambled egg - scrambled_egg: 0.2985074626865672
tea - hot_tea: 0.2985074626865672


pour [partner, eggs_bowl, mixing_bowl_1]
	pancake - pancake
		[pour [partner, eggs_bowl, mixing_bowl_1], pour [human, flour_bowl, mixing_bowl_1], pour [human, milk_bowl, mixing_bowl_1], mix [human, mixing_bowl_1, whisk], pour [human, mixing_bowl_1, frying_pan], move [partner, frying_pan, stove]]
	fried egg - fried_egg
		[pour [partner, eggs_bowl, mixing_bowl_1], pour [partner, olive_oil_bowl, frying_pan], pour [partner, mixing_bowl_1, frying_pan], move [human, frying_pan, stove], mix [partner, frying_pan, whisk]]
	scrambled egg - scrambled_egg
		[pour [partner, eggs_bowl, mixing_bowl_1], pour [human, olive_oil_bowl, frying_pan], move [human, frying_pan, stove], move [partner, frying_pan, counter], pour [human, mixing_bowl_1, frying_pan], mix [human, frying_pan, whisk], move [partner, frying_pan, stove]]
	tea - hot_tea
		[pour [partner, eggs_bowl, mixing_bowl_1], pour [partner, mixing_bowl_1, trash], pour [human, water_bowl, mixing_bowl_1], pour [human, tea_bowl, mixing_bowl_1], mix [human, mixing_bowl_1, whisk], pour [human, mixing_bowl_1, frying_pan], move [human, frying_pan, stove]]

pour [partner, olive_oil_bowl, frying_pan]
	pancake - pancake
		[pour [partner, olive_oil_bowl, frying_pan], pour [partner, eggs_bowl, mixing_bowl_1], pour [partner, milk_bowl, mixing_bowl_1], pour [human, flour_bowl, mixing_bowl_1], mix [human, mixing_bowl_1, whisk], pour [partner, frying_pan, trash], pour [human, mixing_bowl_1, frying_pan], move [partner, frying_pan, stove]]
	fried egg - fried_egg
		[pour [partner, olive_oil_bowl, frying_pan], pour [partner, eggs_bowl, frying_pan], move [partner, frying_pan, stove], mix [partner, frying_pan, whisk]]
	scrambled egg - scrambled_egg
		[pour [partner, olive_oil_bowl, frying_pan], move [partner, frying_pan, stove], move [partner, frying_pan, counter], pour [partner, eggs_bowl, frying_pan], mix [human, frying_pan, whisk], move [human, frying_pan, stove]]
	tea - hot_tea
		[pour [partner, olive_oil_bowl, frying_pan], pour [human, water_bowl, mixing_bowl_1], pour [human, frying_pan, trash], pour [partner, tea_bowl, mixing_bowl_1], mix [partner, mixing_bowl_1, whisk], pour [partner, mixing_bowl_1, frying_pan], move [partner, frying_pan, stove]]

pour [partner, flour_bowl, mixing_bowl_1]
	pancake - pancake
		[pour [partner, flour_bowl, mixing_bowl_1], pour [human, milk_bowl, mixing_bowl_1], pour [human, eggs_bowl, mixing_bowl_1], mix [human, mixing_bowl_1, whisk], pour [human, mixing_bowl_1, frying_pan], move [partner, frying_pan, stove]]
	fried egg - fried_egg
		[pour [partner, flour_bowl, mixing_bowl_1], pour [human, olive_oil_bowl, frying_pan], pour [partner, eggs_bowl, frying_pan], move [human, frying_pan, stove], mix [human, frying_pan, whisk]]
	scrambled egg - scrambled_egg
		[pour [partner, flour_bowl, mixing_bowl_1], pour [partner, olive_oil_bowl, frying_pan], move [human, frying_pan, stove], move [partner, frying_pan, counter], pour [human, eggs_bowl, frying_pan], mix [human, frying_pan, whisk], move [partner, frying_pan, stove]]
	tea - hot_tea
		[pour [partner, flour_bowl, mixing_bowl_1], pour [human, mixing_bowl_1, trash], pour [partner, tea_bowl, mixing_bowl_1], pour [partner, water_bowl, mixing_bowl_1], mix [partner, mixing_bowl_1, whisk], pour [human, mixing_bowl_1, frying_pan], move [human, frying_pan, stove]]

pour [partner, eggs_bowl, frying_pan]
	pancake - pancake
		[pour [partner, eggs_bowl, frying_pan], pour [partner, frying_pan, mixing_bowl_1], pour [human, milk_bowl, mixing_bowl_1], pour [human, flour_bowl, mixing_bowl_1], mix [human, mixing_bowl_1, whisk], pour [partner, mixing_bowl_1, frying_pan], move [partner, frying_pan, stove]]
	fried egg - fried_egg
		[pour [partner, eggs_bowl, frying_pan], pour [partner, butter_bowl, frying_pan], move [partner, frying_pan, stove], mix [human, frying_pan, whisk]]
	scrambled egg - scrambled_egg
		[pour [partner, eggs_bowl, frying_pan], pour [partner, frying_pan, mixing_bowl_1], pour [partner, olive_oil_bowl, frying_pan], move [partner, frying_pan, stove], move [partner, frying_pan, counter], pour [partner, mixing_bowl_1, frying_pan], mix [partner, frying_pan, whisk], move [human, frying_pan, stove]]
	tea - hot_tea
		[pour [partner, eggs_bowl, frying_pan], pour [human, frying_pan, trash], pour [partner, tea_bowl, mixing_bowl_1], pour [partner, water_bowl, mixing_bowl_1], mix [human, mixing_bowl_1, whisk], pour [human, mixing_bowl_1, frying_pan], move [human, frying_pan, stove]]

pour [partner, butter_bowl, frying_pan]
	pancake - pancake
		[pour [partner, butter_bowl, frying_pan], pour [human, flour_bowl, mixing_bowl_1], pour [partner, eggs_bowl, mixing_bowl_1], pour [human, frying_pan, trash], pour [human, milk_bowl, mixing_bowl_1], mix [partner, mixing_bowl_1, whisk], pour [partner, mixing_bowl_1, frying_pan], move [partner, frying_pan, stove]]
	fried egg - fried_egg
		[pour [partner, butter_bowl, frying_pan], pour [human, eggs_bowl, frying_pan], move [partner, frying_pan, stove], mix [partner, frying_pan, whisk]]
	scrambled egg - scrambled_egg
		[pour [partner, butter_bowl, frying_pan], move [human, frying_pan, stove], move [human, frying_pan, counter], pour [partner, eggs_bowl, frying_pan], mix [partner, frying_pan, whisk], move [human, frying_pan, stove]]
	tea - hot_tea
		[pour [partner, butter_bowl, frying_pan], pour [human, tea_bowl, mixing_bowl_1], pour [human, frying_pan, trash], pour [partner, water_bowl, mixing_bowl_1], mix [human, mixing_bowl_1, whisk], pour [partner, mixing_bowl_1, frying_pan], move [human, frying_pan, stove]]

pour [partner, tea_bowl, mixing_bowl_1]
	pancake - pancake
		[pour [partner, tea_bowl, mixing_bowl_1], pour [human, mixing_bowl_1, trash], pour [partner, milk_bowl, mixing_bowl_1], pour [human, eggs_bowl, mixing_bowl_1], pour [partner, flour_bowl, mixing_bowl_1], mix [partner, mixing_bowl_1, whisk], pour [human, mixing_bowl_1, frying_pan], move [partner, frying_pan, stove]]
	fried egg - fried_egg
		[pour [partner, tea_bowl, mixing_bowl_1], pour [human, olive_oil_bowl, frying_pan], pour [partner, eggs_bowl, frying_pan], move [human, frying_pan, stove], mix [partner, frying_pan, whisk]]
	scrambled egg - scrambled_egg
		[pour [partner, tea_bowl, mixing_bowl_1], pour [partner, olive_oil_bowl, frying_pan], move [human, frying_pan, stove], move [human, frying_pan, counter], pour [partner, eggs_bowl, frying_pan], mix [partner, frying_pan, whisk], move [partner, frying_pan, stove]]
	tea - hot_tea
		[pour [partner, tea_bowl, mixing_bowl_1], pour [human, water_bowl, mixing_bowl_1], mix [partner, mixing_bowl_1, whisk], pour [human, mixing_bowl_1, frying_pan], move [partner, frying_pan, stove]]

pour [partner, milk_bowl, mixing_bowl_1]
	pancake - pancake
		[pour [partner, milk_bowl, mixing_bowl_1], pour [partner, flour_bowl, mixing_bowl_1], pour [partner, eggs_bowl, mixing_bowl_1], mix [partner, mixing_bowl_1, whisk], pour [human, mixing_bowl_1, frying_pan], move [partner, frying_pan, stove]]
	fried egg - fried_egg
		[pour [partner, milk_bowl, mixing_bowl_1], pour [partner, eggs_bowl, frying_pan], pour [human, butter_bowl, frying_pan], move [partner, frying_pan, stove], mix [human, frying_pan, whisk]]
	scrambled egg - scrambled_egg
		[pour [partner, milk_bowl, mixing_bowl_1], pour [human, olive_oil_bowl, frying_pan], move [partner, frying_pan, stove], move [human, frying_pan, counter], pour [human, eggs_bowl, frying_pan], mix [partner, frying_pan, whisk], move [human, frying_pan, stove]]
	tea - hot_tea
		[pour [partner, milk_bowl, mixing_bowl_1], pour [partner, mixing_bowl_1, trash], pour [human, tea_bowl, mixing_bowl_1], pour [human, water_bowl, mixing_bowl_1], mix [human, mixing_bowl_1, whisk], pour [partner, mixing_bowl_1, frying_pan], move [human, frying_pan, stove]]

pour [partner, water_bowl, mixing_bowl_1]
	pancake - pancake
		[pour [partner, water_bowl, mixing_bowl_1], pour [partner, mixing_bowl_1, trash], pour [human, milk_bowl, mixing_bowl_1], pour [partner, eggs_bowl, mixing_bowl_1], pour [human, flour_bowl, mixing_bowl_1], mix [human, mixing_bowl_1, whisk], pour [partner, mixing_bowl_1, frying_pan], move [human, frying_pan, stove]]
	fried egg - fried_egg
		[pour [partner, water_bowl, mixing_bowl_1], pour [human, olive_oil_bowl, frying_pan], pour [partner, eggs_bowl, frying_pan], move [human, frying_pan, stove], mix [partner, frying_pan, whisk]]
	scrambled egg - scrambled_egg
		[pour [partner, water_bowl, mixing_bowl_1], pour [partner, olive_oil_bowl, frying_pan], move [human, frying_pan, stove], move [partner, frying_pan, counter], pour [human, eggs_bowl, frying_pan], mix [human, frying_pan, whisk], move [partner, frying_pan, stove]]
	tea - hot_tea
		[pour [partner, water_bowl, mixing_bowl_1], pour [partner, tea_bowl, mixing_bowl_1], mix [partner, mixing_bowl_1, whisk], pour [human, mixing_bowl_1, frying_pan], move [human, frying_pan, stove]]

NullAction [partner]
	pancake - pancake
		[pour [human, flour_bowl, mixing_bowl_1], pour [partner, milk_bowl, mixing_bowl_1], pour [human, eggs_bowl, mixing_bowl_1], mix [human, mixing_bowl_1, whisk], pour [partner, mixing_bowl_1, frying_pan], move [human, frying_pan, stove]]
	fried egg - fried_egg
		[pour [human, butter_bowl, frying_pan], pour [human, eggs_bowl, frying_pan], move [partner, frying_pan, stove], mix [partner, frying_pan, whisk]]
	scrambled egg - scrambled_egg
		[pour [partner, olive_oil_bowl, frying_pan], move [human, frying_pan, stove], move [human, frying_pan, counter], pour [human, eggs_bowl, frying_pan], mix [partner, frying_pan, whisk], move [partner, frying_pan, stove]]
	tea - hot_tea
		[pour [human, tea_bowl, mixing_bowl_1], pour [partner, water_bowl, mixing_bowl_1], mix [human, mixing_bowl_1, whisk], pour [human, mixing_bowl_1, frying_pan], move [partner, frying_pan, stove]]

pour [partner, flour_bowl, mixing_bowl_1]: 93.05153202285788
pour [partner, eggs_bowl, mixing_bowl_1]: 93.12779067762116
pour [partner, olive_oil_bowl, frying_pan]: 90.19862322054954
pour [partner, eggs_bowl, frying_pan]: 97.82177886066022
pour [partner, butter_bowl, frying_pan]: 90.19862322054954
pour [partner, tea_bowl, mixing_bowl_1]: 90.68090519596453
pour [partner, milk_bowl, mixing_bowl_1]: 93.05153202285788
pour [partner, water_bowl, mixing_bowl_1]: 90.68090519596453
NullAction [partner]: 86.39481560494744
Partner chose to wait
Executing action pour [human, water_bowl, mixing_bowl_1], 5.216973462702983, 24.80658574018092
Executing action wait [partner] 5.216973462702983, 24.80658574018092
human scheduled actions
-partner
	pour [partner, tea_bowl, mixing_bowl_1], 0.0, 17.528063969313138
	mix [partner, mixing_bowl_1, whisk], 17.528063969313138, 29.038112010582775
	pour [partner, mixing_bowl_1, frying_pan], 29.03811201058278, 45.36832936732735
	move [partner, frying_pan, stove], 45.36832936732735, 61.83373764455179
-human
Previous Distribution
coffee with milk - coffee_with_milk: 0.0
cereal with milk - cereal_with_milk: 0.0
pancake - pancake: 0.22388059701492538
fried egg - fried_egg: 0.17910447761194032
scrambled egg - scrambled_egg: 0.2985074626865672
chocolate milk - chocolate_milk: 0.0
tea - hot_tea: 0.2985074626865672


Update
coffee with milk - coffee_with_milk: 0.0
cereal with milk - cereal_with_milk: 0.0
pancake - pancake: 0.0
fried egg - fried_egg: 0.0
scrambled egg - scrambled_egg: 0.0
chocolate milk - chocolate_milk: 0.0
tea - hot_tea: 1.0


Current Distribution
tea - hot_tea: 1.0


pour [partner, tea_bowl, mixing_bowl_1]
	tea - hot_tea
		[pour [partner, tea_bowl, mixing_bowl_1], mix [human, mixing_bowl_1, whisk], pour [human, mixing_bowl_1, frying_pan], move [human, frying_pan, stove]]

NullAction [partner]
	tea - hot_tea
		[pour [human, tea_bowl, mixing_bowl_1], mix [human, mixing_bowl_1, whisk], pour [human, mixing_bowl_1, frying_pan], move [human, frying_pan, stove]]

pour [partner, tea_bowl, mixing_bowl_1]: 57.25013888887356
NullAction [partner]: 67.25013888887355
Executing action pour [partner, tea_bowl, mixing_bowl_1], 24.80658574018092, 43.15902171684556
Executing action wait [human] 24.80658574018092, 43.15902171684556
human scheduled actions
-partner
	mix [partner, mixing_bowl_1, whisk], 0.0, 11.289395127499866
	pour [partner, mixing_bowl_1, frying_pan], 11.289395127499866, 28.220474736829892
-human
	wait, 0.0, 28.220474736829892
	move [human, frying_pan, stove], 28.220474736829892, 44.713755643745294
Previous Distribution
coffee with milk - coffee_with_milk: 0.0
cereal with milk - cereal_with_milk: 0.0
pancake - pancake: 0.0
fried egg - fried_egg: 0.0
scrambled egg - scrambled_egg: 0.0
chocolate milk - chocolate_milk: 0.0
tea - hot_tea: 1.0


Current Distribution
tea - hot_tea: 1.0


mix [partner, mixing_bowl_1, whisk]
	tea - hot_tea
		[mix [partner, mixing_bowl_1, whisk], pour [partner, mixing_bowl_1, frying_pan], move [human, frying_pan, stove]]

NullAction [partner]
	tea - hot_tea
		[mix [human, mixing_bowl_1, whisk], pour [partner, mixing_bowl_1, frying_pan], move [partner, frying_pan, stove]]

mix [partner, mixing_bowl_1, whisk]: 42.00560538233053
NullAction [partner]: 52.00560538233053
Executing action mix [partner, mixing_bowl_1, whisk], 43.15902171684556, 54.60412583403044
Executing action wait [human] 43.15902171684556, 54.60412583403044
human scheduled actions
-partner
	pour [partner, mixing_bowl_1, frying_pan], 0.0, 16.00704755849357
	move [partner, frying_pan, stove], 16.007047558493575, 33.200821043004794
-human
Previous Distribution
coffee with milk - coffee_with_milk: 0.0
cereal with milk - cereal_with_milk: 0.0
pancake - pancake: 0.0
fried egg - fried_egg: 0.0
scrambled egg - scrambled_egg: 0.0
chocolate milk - chocolate_milk: 0.0
tea - hot_tea: 1.0


Current Distribution
tea - hot_tea: 1.0


pour [partner, mixing_bowl_1, frying_pan]
	tea - hot_tea
		[pour [partner, mixing_bowl_1, frying_pan], move [human, frying_pan, stove]]

NullAction [partner]
	tea - hot_tea
		[pour [human, mixing_bowl_1, frying_pan], move [human, frying_pan, stove]]

pour [partner, mixing_bowl_1, frying_pan]: 31.33680555555656
NullAction [partner]: 41.33680555555656
Executing action pour [partner, mixing_bowl_1, frying_pan], 54.60412583403044, 72.83889476390905
Executing action wait [human] 54.60412583403044, 72.83889476390905
human scheduled actions
-partner
	move [partner, frying_pan, stove], 0.0, 16.36614659298875
-human
Previous Distribution
coffee with milk - coffee_with_milk: 0.0
cereal with milk - cereal_with_milk: 0.0
pancake - pancake: 0.0
fried egg - fried_egg: 0.0
scrambled egg - scrambled_egg: 0.0
chocolate milk - chocolate_milk: 0.0
tea - hot_tea: 1.0


Current Distribution
tea - hot_tea: 1.0


move [partner, frying_pan, stove]
	tea - hot_tea
		[move [partner, frying_pan, stove]]

NullAction [partner]
	tea - hot_tea
		[move [human, frying_pan, stove]]

move [partner, frying_pan, stove]: 16.0
NullAction [partner]: 26.0
Executing action move [partner, frying_pan, stove], 72.83889476390905, 90.62523253937873
Executing action wait [human] 72.83889476390905, 90.62523253937873
AdaptiveByFlow scheduling: true, 1, 1, 90.62523253937873, 90.62523253937873
AdaptiveByFlow scheduling: true, time, 643

Agent, Successes, Trials, Average reward, average successful reward
Evaluating solo
Recipe, pancake
[pour [human, milk_bowl, mixing_bowl_1]: 0.25, pour [human, eggs_bowl, mixing_bowl_1]: 0.25, pour [human, flour_bowl, mixing_bowl_1]: 0.25, switch [human, stove]: 0.25]
Executing action pour [human, flour_bowl, mixing_bowl_1], 0.0, 19.798249524348787
[pour [human, mixing_bowl_1, trash]: 0.0, pour [human, milk_bowl, mixing_bowl_1]: 0.3333333333333333, pour [human, eggs_bowl, mixing_bowl_1]: 0.3333333333333333, switch [human, stove]: 0.3333333333333333, reset [human]: 0.0]
Executing action switch [human, stove], 19.798249524348787, 27.881065033738402
[pour [human, mixing_bowl_1, trash]: 0.0, pour [human, milk_bowl, mixing_bowl_1]: 0.5, pour [human, eggs_bowl, mixing_bowl_1]: 0.5, reset [human]: 0.0]
Executing action pour [human, milk_bowl, mixing_bowl_1], 27.881065033738402, 60.46260395175255
[pour [human, mixing_bowl_1, trash]: 0.0, pour [human, eggs_bowl, mixing_bowl_1]: 1.0, reset [human]: 0.0]
Executing action pour [human, eggs_bowl, mixing_bowl_1], 60.46260395175255, 73.07384016138698
[pour [human, mixing_bowl_1, trash]: 0.0, reset [human]: 0.0, mix [human, mixing_bowl_1, whisk]: 1.0]
Executing action mix [human, mixing_bowl_1, whisk], 73.07384016138698, 128.77996783033828
[pour [human, mixing_bowl_1, trash]: 0.0, pour [human, mixing_bowl_1, frying_pan]: 1.0, reset [human]: 0.0]
Executing action pour [human, mixing_bowl_1, frying_pan], 128.77996783033828, 147.13340699922506
[pour [human, frying_pan, trash]: 0.0, pour [human, frying_pan, mixing_bowl_1]: 0.0, reset [human]: 0.0, move [human, frying_pan, stove]: 1.0]
Executing action move [human, frying_pan, stove], 147.13340699922506, 151.37536515643
solo, 1, 1, 151.37536515643, 151.37536515643
solo, time, 8
Evaluating Expert
Required 6.61E-6
Recipe, pancake
Human chose switch [human, stove]
Partner chose to wait
Executing action switch [human, stove], 0.0, 8.615680811521266
Executing action wait [partner] 0.0, 8.615680811521266
human scheduled actions
-partner
	pour [partner, eggs_bowl, mixing_bowl_1], 0.0, 16.96124474397978
	pour [partner, flour_bowl, mixing_bowl_1], 16.96124474397978, 32.60222269562993
	pour [partner, milk_bowl, mixing_bowl_1], 32.60222269562993, 48.70389187467632
	mix [partner, mixing_bowl_1, whisk], 48.70389187467632, 51.21453445377845
	pour [partner, mixing_bowl_1, frying_pan], 51.21453445377844, 67.9665266465282
-human
	wait, 0.0, 67.9665266465282
	move [human, frying_pan, stove], 67.9665266465282, 72.20866788438202
partner scheduled actions
-partner
	pour [partner, milk_bowl, mixing_bowl_1], 0.0, 17.17306407392677
	pour [partner, flour_bowl, mixing_bowl_1], 17.173064073926774, 32.81624608413745
	pour [partner, eggs_bowl, mixing_bowl_1], 32.81624608413745, 48.31927290420957
	mix [partner, mixing_bowl_1, whisk], 48.31927290420957, 50.78695029725317
	pour [partner, mixing_bowl_1, frying_pan], 50.78695029725317, 67.43921528012055
-human
	wait, 0.0, 67.43921528012055
	move [human, frying_pan, stove], 67.43921528012055, 71.65776976521178
Executing action pour [partner, milk_bowl, mixing_bowl_1], 8.615680811521266, 27.064273827079766
Executing action wait [human] 8.615680811521266, 27.064273827079766
human scheduled actions
-partner
	pour [partner, flour_bowl, mixing_bowl_1], 0.0, 15.693109935508247
	pour [partner, eggs_bowl, mixing_bowl_1], 15.693109935508247, 31.349896257467336
	mix [partner, mixing_bowl_1, whisk], 31.34989625746734, 34.087559479810565
	pour [partner, mixing_bowl_1, frying_pan], 34.087559479810565, 50.823766976012585
-human
	wait, 0.0, 50.823766976012585
	move [human, frying_pan, stove], 50.823766976012585, 55.14342628102064
partner scheduled actions
-partner
	pour [partner, eggs_bowl, mixing_bowl_1], 0.0, 16.57050985229186
	pour [partner, flour_bowl, mixing_bowl_1], 16.57050985229186, 34.025666503584745
	mix [partner, mixing_bowl_1, whisk], 34.025666503584745, 36.34434639512753
	pour [partner, mixing_bowl_1, frying_pan], 36.34434639512753, 52.41710838104437
-human
	wait, 0.0, 52.41710838104437
	move [human, frying_pan, stove], 52.41710838104437, 57.46019768817385
Executing action pour [partner, eggs_bowl, mixing_bowl_1], 27.064273827079766, 45.01260720954117
Executing action wait [human] 27.064273827079766, 45.01260720954117
human scheduled actions
-partner
	pour [partner, flour_bowl, mixing_bowl_1], 0.0, 16.001901940365254
	mix [partner, mixing_bowl_1, whisk], 16.001901940365254, 18.586387132930472
	pour [partner, mixing_bowl_1, frying_pan], 18.586387132930476, 35.54463207135852
-human
	wait, 0.0, 35.54463207135852
	move [human, frying_pan, stove], 35.54463207135852, 40.48054365625959
partner scheduled actions
-partner
	pour [partner, flour_bowl, mixing_bowl_1], 0.0, 16.51994609160186
	mix [partner, mixing_bowl_1, whisk], 16.51994609160186, 18.968150874019038
	pour [partner, mixing_bowl_1, frying_pan], 18.968150874019035, 35.081398811204934
-human
	wait, 0.0, 35.081398811204934
	move [human, frying_pan, stove], 35.081398811204934, 40.2642058949091
Executing action pour [partner, flour_bowl, mixing_bowl_1], 45.01260720954117, 63.03313461271796
Executing action wait [human] 45.01260720954117, 63.03313461271796
human scheduled actions
-partner
	mix [partner, mixing_bowl_1, whisk], 0.0, 2.4571655419721905
	pour [partner, mixing_bowl_1, frying_pan], 2.4571655419721914, 19.14774327049456
-human
	wait, 0.0, 19.14774327049456
	move [human, frying_pan, stove], 19.14774327049456, 23.71527988915483
partner scheduled actions
-partner
	mix [partner, mixing_bowl_1, whisk], 0.0, 2.691475288680289
	pour [partner, mixing_bowl_1, frying_pan], 2.691475288680291, 18.779079047486768
-human
	wait, 0.0, 18.779079047486768
	move [human, frying_pan, stove], 18.779079047486768, 23.33779348421978
Executing action mix [partner, mixing_bowl_1, whisk], 63.03313461271796, 65.36465475261332
Executing action wait [human] 63.03313461271796, 65.36465475261332
human scheduled actions
-partner
	pour [partner, mixing_bowl_1, frying_pan], 0.0, 15.755893101468907
-human
	wait, 0.0, 15.755893101468907
	move [human, frying_pan, stove], 15.755893101468905, 20.677541914159953
partner scheduled actions
-partner
	pour [partner, mixing_bowl_1, frying_pan], 0.0, 15.758205246755367
-human
	wait, 0.0, 15.758205246755367
	move [human, frying_pan, stove], 15.758205246755367, 20.0956854524721
Executing action pour [partner, mixing_bowl_1, frying_pan], 65.36465475261332, 81.93794224014648
Executing action wait [human] 65.36465475261332, 81.93794224014648
human scheduled actions
-partner
	move [partner, frying_pan, stove], 0.0, 16.38938180812343
-human
partner scheduled actions
-partner
	move [partner, frying_pan, stove], 0.0, 16.119221881557944
-human
Executing action move [partner, frying_pan, stove], 81.93794224014648, 99.6264799911011
Executing action wait [human] 81.93794224014648, 99.6264799911011
Expert, 1, 1, 99.6264799911011, 99.6264799911011
Expert, time, 44

Time coffee with milk - 4.830795016
Time cereal with milk - 4.905400026
Time chocolate milk - 4.772377263
Time tea - 23.04728001
Time pancake - 43.268798786
Time scrambled egg - 86.04820927
Time fried egg - 134.473568369
Evaluating AdaptiveByFlow scheduling: true
Required 3.68E-7
Recipe, pancake
Human chose switch [human, stove]
Partner chose to wait
Executing action switch [human, stove], 0.0, 8.78131767187077
Executing action wait [partner] 0.0, 8.78131767187077
human scheduled actions
-partner
	pour [partner, milk_bowl, mixing_bowl_1], 0.0, 16.45102755425795
	pour [partner, flour_bowl, mixing_bowl_1], 16.451027554257955, 32.25895734102879
	wait, 32.25895734102879, 44.87979198152624
	mix [partner, mixing_bowl_1, whisk], 44.87979198152624, 47.62283331922855
	pour [partner, mixing_bowl_1, frying_pan], 47.62283331922855, 66.79607508399346
-human
	wait, 0.0, 32.25895734102879
	pour [human, eggs_bowl, mixing_bowl_1], 32.25895734102879, 44.87979198152624
	wait, 44.87979198152624, 66.79607508399346
	move [human, frying_pan, stove], 66.79607508399346, 71.22820070800292
Previous Distribution
coffee with milk - coffee_with_milk: 0.14285714285714285
cereal with milk - cereal_with_milk: 0.14285714285714285
pancake - pancake: 0.14285714285714285
fried egg - fried_egg: 0.14285714285714285
scrambled egg - scrambled_egg: 0.14285714285714285
chocolate milk - chocolate_milk: 0.14285714285714285
tea - hot_tea: 0.14285714285714285


Update
coffee with milk - coffee_with_milk: 0.0
cereal with milk - cereal_with_milk: 0.0
pancake - pancake: 0.21428571428571427
fried egg - fried_egg: 0.21428571428571427
scrambled egg - scrambled_egg: 0.2857142857142857
chocolate milk - chocolate_milk: 0.0
tea - hot_tea: 0.2857142857142857


Current Distribution
pancake - pancake: 0.21428571428571427
fried egg - fried_egg: 0.21428571428571427
scrambled egg - scrambled_egg: 0.2857142857142857
tea - hot_tea: 0.2857142857142857


pour [partner, eggs_bowl, mixing_bowl_1]
	pancake - pancake
		[pour [partner, eggs_bowl, mixing_bowl_1], pour [partner, flour_bowl, mixing_bowl_1], pour [human, milk_bowl, mixing_bowl_1], mix [partner, mixing_bowl_1, whisk], pour [human, mixing_bowl_1, frying_pan], move [partner, frying_pan, stove]]
	fried egg - fried_egg
		[pour [partner, eggs_bowl, mixing_bowl_1], pour [human, olive_oil_bowl, frying_pan], pour [partner, mixing_bowl_1, frying_pan], move [human, frying_pan, stove], mix [human, frying_pan, whisk]]
	scrambled egg - scrambled_egg
		[pour [partner, eggs_bowl, mixing_bowl_1], pour [human, olive_oil_bowl, frying_pan], move [partner, frying_pan, stove], move [human, frying_pan, counter], pour [human, mixing_bowl_1, frying_pan], mix [human, frying_pan, whisk], move [human, frying_pan, stove]]
	tea - hot_tea
		[pour [partner, eggs_bowl, mixing_bowl_1], pour [partner, mixing_bowl_1, trash], pour [partner, tea_bowl, mixing_bowl_1], pour [partner, water_bowl, mixing_bowl_1], mix [human, mixing_bowl_1, whisk], pour [human, mixing_bowl_1, frying_pan], move [human, frying_pan, stove]]

pour [partner, butter_bowl, frying_pan]
	pancake - pancake
		[pour [partner, butter_bowl, frying_pan], pour [partner, frying_pan, trash], pour [human, eggs_bowl, mixing_bowl_1], pour [human, flour_bowl, mixing_bowl_1], pour [partner, milk_bowl, mixing_bowl_1], mix [human, mixing_bowl_1, whisk], pour [partner, mixing_bowl_1, frying_pan], move [human, frying_pan, stove]]
	fried egg - fried_egg
		[pour [partner, butter_bowl, frying_pan], pour [partner, eggs_bowl, frying_pan], move [partner, frying_pan, stove], mix [partner, frying_pan, whisk]]
	scrambled egg - scrambled_egg
		[pour [partner, butter_bowl, frying_pan], move [partner, frying_pan, stove], move [human, frying_pan, counter], pour [partner, eggs_bowl, frying_pan], mix [human, frying_pan, whisk], move [partner, frying_pan, stove]]
	tea - hot_tea
		[pour [partner, butter_bowl, frying_pan], pour [human, frying_pan, trash], pour [human, water_bowl, mixing_bowl_1], pour [partner, tea_bowl, mixing_bowl_1], mix [partner, mixing_bowl_1, whisk], pour [partner, mixing_bowl_1, frying_pan], move [partner, frying_pan, stove]]

pour [partner, flour_bowl, mixing_bowl_1]
	pancake - pancake
		[pour [partner, flour_bowl, mixing_bowl_1], pour [partner, eggs_bowl, mixing_bowl_1], pour [human, milk_bowl, mixing_bowl_1], mix [partner, mixing_bowl_1, whisk], pour [human, mixing_bowl_1, frying_pan], move [human, frying_pan, stove]]
	fried egg - fried_egg
		[pour [partner, flour_bowl, mixing_bowl_1], pour [human, butter_bowl, frying_pan], pour [human, eggs_bowl, frying_pan], move [partner, frying_pan, stove], mix [partner, frying_pan, whisk]]
	scrambled egg - scrambled_egg
		[pour [partner, flour_bowl, mixing_bowl_1], pour [partner, butter_bowl, frying_pan], move [human, frying_pan, stove], move [human, frying_pan, counter], pour [partner, eggs_bowl, frying_pan], mix [human, frying_pan, whisk], move [human, frying_pan, stove]]
	tea - hot_tea
		[pour [partner, flour_bowl, mixing_bowl_1], pour [partner, mixing_bowl_1, trash], pour [human, water_bowl, mixing_bowl_1], pour [human, tea_bowl, mixing_bowl_1], mix [human, mixing_bowl_1, whisk], pour [human, mixing_bowl_1, frying_pan], move [partner, frying_pan, stove]]

pour [partner, tea_bowl, mixing_bowl_1]
	pancake - pancake
		[pour [partner, tea_bowl, mixing_bowl_1], pour [partner, mixing_bowl_1, trash], pour [human, eggs_bowl, mixing_bowl_1], pour [partner, flour_bowl, mixing_bowl_1], pour [human, milk_bowl, mixing_bowl_1], mix [human, mixing_bowl_1, whisk], pour [partner, mixing_bowl_1, frying_pan], move [partner, frying_pan, stove]]
	fried egg - fried_egg
		[pour [partner, tea_bowl, mixing_bowl_1], pour [human, eggs_bowl, frying_pan], pour [partner, butter_bowl, frying_pan], move [human, frying_pan, stove], mix [partner, frying_pan, whisk]]
	scrambled egg - scrambled_egg
		[pour [partner, tea_bowl, mixing_bowl_1], pour [human, butter_bowl, frying_pan], move [partner, frying_pan, stove], move [human, frying_pan, counter], pour [human, eggs_bowl, frying_pan], mix [partner, frying_pan, whisk], move [human, frying_pan, stove]]
	tea - hot_tea
		[pour [partner, tea_bowl, mixing_bowl_1], pour [partner, water_bowl, mixing_bowl_1], mix [human, mixing_bowl_1, whisk], pour [partner, mixing_bowl_1, frying_pan], move [human, frying_pan, stove]]

NullAction [partner]
	pancake - pancake
		[pour [partner, flour_bowl, mixing_bowl_1], pour [partner, eggs_bowl, mixing_bowl_1], pour [partner, milk_bowl, mixing_bowl_1], mix [human, mixing_bowl_1, whisk], pour [human, mixing_bowl_1, frying_pan], move [partner, frying_pan, stove]]
	fried egg - fried_egg
		[pour [human, eggs_bowl, frying_pan], pour [human, butter_bowl, frying_pan], move [human, frying_pan, stove], mix [human, frying_pan, whisk]]
	scrambled egg - scrambled_egg
		[pour [partner, butter_bowl, frying_pan], move [partner, frying_pan, stove], move [partner, frying_pan, counter], pour [human, eggs_bowl, frying_pan], mix [human, frying_pan, whisk], move [partner, frying_pan, stove]]
	tea - hot_tea
		[pour [partner, water_bowl, mixing_bowl_1], pour [partner, tea_bowl, mixing_bowl_1], mix [partner, mixing_bowl_1, whisk], pour [partner, mixing_bowl_1, frying_pan], move [partner, frying_pan, stove]]

pour [partner, milk_bowl, mixing_bowl_1]
	pancake - pancake
		[pour [partner, milk_bowl, mixing_bowl_1], pour [partner, flour_bowl, mixing_bowl_1], pour [partner, eggs_bowl, mixing_bowl_1], mix [human, mixing_bowl_1, whisk], pour [partner, mixing_bowl_1, frying_pan], move [partner, frying_pan, stove]]
	fried egg - fried_egg
		[pour [partner, milk_bowl, mixing_bowl_1], pour [partner, eggs_bowl, frying_pan], pour [human, olive_oil_bowl, frying_pan], move [partner, frying_pan, stove], mix [partner, frying_pan, whisk]]
	scrambled egg - scrambled_egg
		[pour [partner, milk_bowl, mixing_bowl_1], pour [human, olive_oil_bowl, frying_pan], move [human, frying_pan, stove], move [partner, frying_pan, counter], pour [partner, eggs_bowl, frying_pan], mix [human, frying_pan, whisk], move [partner, frying_pan, stove]]
	tea - hot_tea
		[pour [partner, milk_bowl, mixing_bowl_1], pour [partner, mixing_bowl_1, trash], pour [human, water_bowl, mixing_bowl_1], pour [partner, tea_bowl, mixing_bowl_1], mix [partner, mixing_bowl_1, whisk], pour [human, mixing_bowl_1, frying_pan], move [human, frying_pan, stove]]

pour [partner, eggs_bowl, frying_pan]
	pancake - pancake
		[pour [partner, eggs_bowl, frying_pan], pour [partner, frying_pan, mixing_bowl_1], pour [human, flour_bowl, mixing_bowl_1], pour [human, milk_bowl, mixing_bowl_1], mix [partner, mixing_bowl_1, whisk], pour [human, mixing_bowl_1, frying_pan], move [partner, frying_pan, stove]]
	fried egg - fried_egg
		[pour [partner, eggs_bowl, frying_pan], pour [partner, olive_oil_bowl, frying_pan], move [partner, frying_pan, stove], mix [partner, frying_pan, whisk]]
	scrambled egg - scrambled_egg
		[pour [partner, eggs_bowl, frying_pan], pour [partner, frying_pan, mixing_bowl_1], pour [human, olive_oil_bowl, frying_pan], move [partner, frying_pan, stove], move [human, frying_pan, counter], pour [human, mixing_bowl_1, frying_pan], mix [human, frying_pan, whisk], move [human, frying_pan, stove]]
	tea - hot_tea
		[pour [partner, eggs_bowl, frying_pan], pour [partner, frying_pan, trash], pour [human, tea_bowl, mixing_bowl_1], pour [human, water_bowl, mixing_bowl_1], mix [partner, mixing_bowl_1, whisk], pour [partner, mixing_bowl_1, frying_pan], move [human, frying_pan, stove]]

pour [partner, water_bowl, mixing_bowl_1]
	pancake - pancake
		[pour [partner, water_bowl, mixing_bowl_1], pour [partner, mixing_bowl_1, trash], pour [partner, milk_bowl, mixing_bowl_1], pour [partner, eggs_bowl, mixing_bowl_1], pour [partner, flour_bowl, mixing_bowl_1], mix [human, mixing_bowl_1, whisk], pour [human, mixing_bowl_1, frying_pan], move [human, frying_pan, stove]]
	fried egg - fried_egg
		[pour [partner, water_bowl, mixing_bowl_1], pour [human, butter_bowl, frying_pan], pour [human, eggs_bowl, frying_pan], move [human, frying_pan, stove], mix [partner, frying_pan, whisk]]
	scrambled egg - scrambled_egg
		[pour [partner, water_bowl, mixing_bowl_1], pour [partner, butter_bowl, frying_pan], move [human, frying_pan, stove], move [human, frying_pan, counter], pour [human, eggs_bowl, frying_pan], mix [human, frying_pan, whisk], move [partner, frying_pan, stove]]
	tea - hot_tea
		[pour [partner, water_bowl, mixing_bowl_1], pour [human, tea_bowl, mixing_bowl_1], mix [human, mixing_bowl_1, whisk], pour [partner, mixing_bowl_1, frying_pan], move [partner, frying_pan, stove]]

pour [partner, flour_bowl, mixing_bowl_1]: 77.87333457390645
pour [partner, eggs_bowl, mixing_bowl_1]: 78.40258627458638
pour [partner, eggs_bowl, frying_pan]: 79.10304620490106
pour [partner, butter_bowl, frying_pan]: 77.29544341744352
pour [partner, tea_bowl, mixing_bowl_1]: 75.1918719888713
pour [partner, milk_bowl, mixing_bowl_1]: 77.87333457390645
pour [partner, water_bowl, mixing_bowl_1]: 73.65458627458673
NullAction [partner]: 71.79544341744354
Partner chose to wait
human scheduled actions
-partner
	pour [partner, milk_bowl, mixing_bowl_1], 0.0, 16.043584490482225
	pour [partner, flour_bowl, mixing_bowl_1], 16.04358449048222, 32.71834173612753
	wait, 32.71834173612753, 45.267812338564966
	mix [partner, mixing_bowl_1, whisk], 45.267812338564966, 47.95552778572413
	pour [partner, mixing_bowl_1, frying_pan], 47.95552778572413, 66.09579735302387
-human
	wait, 0.0, 32.71834173612753
	pour [human, eggs_bowl, mixing_bowl_1], 32.71834173612753, 45.267812338564966
	wait, 45.267812338564966, 66.09579735302387
	move [human, frying_pan, stove], 66.09579735302387, 70.98033353769364
Previous Distribution
coffee with milk - coffee_with_milk: 0.0
cereal with milk - cereal_with_milk: 0.0
pancake - pancake: 0.21428571428571427
fried egg - fried_egg: 0.21428571428571427
scrambled egg - scrambled_egg: 0.2857142857142857
chocolate milk - chocolate_milk: 0.0
tea - hot_tea: 0.2857142857142857


Current Distribution
pancake - pancake: 0.21428571428571427
fried egg - fried_egg: 0.21428571428571427
scrambled egg - scrambled_egg: 0.2857142857142857
tea - hot_tea: 0.2857142857142857


pour [partner, eggs_bowl, mixing_bowl_1]
	pancake - pancake
		[pour [partner, eggs_bowl, mixing_bowl_1], pour [partner, flour_bowl, mixing_bowl_1], pour [partner, milk_bowl, mixing_bowl_1], mix [partner, mixing_bowl_1, whisk], pour [human, mixing_bowl_1, frying_pan], move [human, frying_pan, stove]]
	fried egg - fried_egg
		[pour [partner, eggs_bowl, mixing_bowl_1], pour [human, mixing_bowl_1, frying_pan], pour [human, olive_oil_bowl, frying_pan], move [partner, frying_pan, stove], mix [partner, frying_pan, whisk]]
	scrambled egg - scrambled_egg
		[pour [partner, eggs_bowl, mixing_bowl_1], pour [human, olive_oil_bowl, frying_pan], move [partner, frying_pan, stove], move [partner, frying_pan, counter], pour [partner, mixing_bowl_1, frying_pan], mix [partner, frying_pan, whisk], move [partner, frying_pan, stove]]
	tea - hot_tea
		[pour [partner, eggs_bowl, mixing_bowl_1], pour [human, mixing_bowl_1, trash], pour [human, water_bowl, mixing_bowl_1], pour [partner, tea_bowl, mixing_bowl_1], mix [human, mixing_bowl_1, whisk], pour [human, mixing_bowl_1, frying_pan], move [human, frying_pan, stove]]

pour [partner, flour_bowl, mixing_bowl_1]
	pancake - pancake
		[pour [partner, flour_bowl, mixing_bowl_1], pour [partner, eggs_bowl, mixing_bowl_1], pour [human, milk_bowl, mixing_bowl_1], mix [human, mixing_bowl_1, whisk], pour [human, mixing_bowl_1, frying_pan], move [human, frying_pan, stove]]
	fried egg - fried_egg
		[pour [partner, flour_bowl, mixing_bowl_1], pour [human, eggs_bowl, frying_pan], move [partner, frying_pan, stove], pour [human, butter_bowl, frying_pan], pour [partner, olive_oil_bowl, frying_pan], move [partner, frying_pan, counter], pour [human, butter_bowl, frying_pan], pour [partner, frying_pan, trash], pour [human, mixing_bowl_1, trash], reset [human], pour [human, butter_bowl, frying_pan], pour [human, eggs_bowl, frying_pan], move [human, frying_pan, stove], switch [human, stove], mix [human, frying_pan, whisk]]
	scrambled egg - scrambled_egg
		[pour [partner, flour_bowl, mixing_bowl_1], pour [human, butter_bowl, frying_pan], move [partner, frying_pan, stove], move [partner, frying_pan, counter], pour [human, eggs_bowl, frying_pan], mix [partner, frying_pan, whisk], move [partner, frying_pan, stove]]
	tea - hot_tea
		[pour [partner, flour_bowl, mixing_bowl_1], pour [human, mixing_bowl_1, trash], pour [partner, water_bowl, mixing_bowl_1], pour [partner, tea_bowl, mixing_bowl_1], mix [partner, mixing_bowl_1, whisk], pour [human, mixing_bowl_1, frying_pan], move [partner, frying_pan, stove]]

pour [partner, eggs_bowl, frying_pan]
	pancake - pancake
		[pour [partner, eggs_bowl, frying_pan], pour [partner, frying_pan, mixing_bowl_1], pour [partner, flour_bowl, mixing_bowl_1], pour [human, milk_bowl, mixing_bowl_1], mix [partner, mixing_bowl_1, whisk], pour [partner, mixing_bowl_1, frying_pan], move [partner, frying_pan, stove]]
	fried egg - fried_egg
		[pour [partner, eggs_bowl, frying_pan], pour [partner, olive_oil_bowl, frying_pan], move [partner, frying_pan, stove], mix [partner, frying_pan, whisk]]
	scrambled egg - scrambled_egg
		[pour [partner, eggs_bowl, frying_pan], pour [human, frying_pan, mixing_bowl_1], pour [partner, butter_bowl, frying_pan], move [human, frying_pan, stove], move [partner, frying_pan, counter], pour [partner, mixing_bowl_1, frying_pan], mix [partner, frying_pan, whisk], move [human, frying_pan, stove]]
	tea - hot_tea
		[pour [partner, eggs_bowl, frying_pan], pour [human, tea_bowl, mixing_bowl_1], pour [partner, frying_pan, trash], pour [human, water_bowl, mixing_bowl_1], mix [partner, mixing_bowl_1, whisk], pour [human, mixing_bowl_1, frying_pan], move [human, frying_pan, stove]]

pour [partner, butter_bowl, frying_pan]
	pancake - pancake
		[pour [partner, butter_bowl, frying_pan], pour [partner, frying_pan, trash], pour [partner, eggs_bowl, mixing_bowl_1], pour [partner, milk_bowl, mixing_bowl_1], pour [human, flour_bowl, mixing_bowl_1], mix [partner, mixing_bowl_1, whisk], pour [human, mixing_bowl_1, frying_pan], move [partner, frying_pan, stove]]
	fried egg - fried_egg
		[pour [partner, butter_bowl, frying_pan], pour [human, eggs_bowl, frying_pan], move [human, frying_pan, stove], mix [partner, frying_pan, whisk]]
	scrambled egg - scrambled_egg
		[pour [partner, butter_bowl, frying_pan], move [human, frying_pan, stove], move [partner, frying_pan, counter], pour [partner, eggs_bowl, frying_pan], mix [human, frying_pan, whisk], move [partner, frying_pan, stove]]
	tea - hot_tea
		[pour [partner, butter_bowl, frying_pan], pour [human, frying_pan, trash], pour [human, tea_bowl, mixing_bowl_1], pour [partner, water_bowl, mixing_bowl_1], mix [partner, mixing_bowl_1, whisk], pour [partner, mixing_bowl_1, frying_pan], move [partner, frying_pan, stove]]

pour [partner, tea_bowl, mixing_bowl_1]
	pancake - pancake
		[pour [partner, tea_bowl, mixing_bowl_1], pour [partner, mixing_bowl_1, trash], pour [partner, flour_bowl, mixing_bowl_1], pour [human, milk_bowl, mixing_bowl_1], pour [human, eggs_bowl, mixing_bowl_1], mix [human, mixing_bowl_1, whisk], pour [human, mixing_bowl_1, frying_pan], move [human, frying_pan, stove]]
	fried egg - fried_egg
		[pour [partner, tea_bowl, mixing_bowl_1], pour [human, olive_oil_bowl, frying_pan], pour [partner, eggs_bowl, frying_pan], move [partner, frying_pan, stove], mix [human, frying_pan, whisk]]
	scrambled egg - scrambled_egg
		[pour [partner, tea_bowl, mixing_bowl_1], pour [human, butter_bowl, frying_pan], move [partner, frying_pan, stove], move [human, frying_pan, counter], pour [human, eggs_bowl, frying_pan], mix [partner, frying_pan, whisk], move [partner, frying_pan, stove]]
	tea - hot_tea
		[pour [partner, tea_bowl, mixing_bowl_1], pour [human, water_bowl, mixing_bowl_1], mix [partner, mixing_bowl_1, whisk], pour [human, mixing_bowl_1, frying_pan], move [human, frying_pan, stove]]

pour [partner, milk_bowl, mixing_bowl_1]
	pancake - pancake
		[pour [partner, milk_bowl, mixing_bowl_1], pour [human, eggs_bowl, mixing_bowl_1], pour [human, flour_bowl, mixing_bowl_1], mix [partner, mixing_bowl_1, whisk], pour [partner, mixing_bowl_1, frying_pan], move [human, frying_pan, stove]]
	fried egg - fried_egg
		[pour [partner, milk_bowl, mixing_bowl_1], pour [partner, eggs_bowl, frying_pan], pour [partner, olive_oil_bowl, frying_pan], move [partner, frying_pan, stove], mix [partner, frying_pan, whisk]]
	scrambled egg - scrambled_egg
		[pour [partner, milk_bowl, mixing_bowl_1], pour [human, butter_bowl, frying_pan], move [partner, frying_pan, stove], move [human, frying_pan, counter], pour [human, eggs_bowl, frying_pan], mix [human, frying_pan, whisk], move [human, frying_pan, stove]]
	tea - hot_tea
		[pour [partner, milk_bowl, mixing_bowl_1], pour [human, mixing_bowl_1, trash], pour [partner, water_bowl, mixing_bowl_1], pour [partner, tea_bowl, mixing_bowl_1], mix [partner, mixing_bowl_1, whisk], pour [partner, mixing_bowl_1, frying_pan], move [partner, frying_pan, stove]]

NullAction [partner]
	pancake - pancake
		[pour [partner, eggs_bowl, mixing_bowl_1], pour [partner, milk_bowl, mixing_bowl_1], pour [human, flour_bowl, mixing_bowl_1], mix [partner, mixing_bowl_1, whisk], pour [partner, mixing_bowl_1, frying_pan], move [partner, frying_pan, stove]]
	fried egg - fried_egg
		[pour [partner, butter_bowl, frying_pan], pour [human, eggs_bowl, frying_pan], move [human, frying_pan, stove], mix [human, frying_pan, whisk]]
	scrambled egg - scrambled_egg
		[pour [partner, olive_oil_bowl, frying_pan], move [human, frying_pan, stove], move [human, frying_pan, counter], pour [partner, eggs_bowl, frying_pan], mix [partner, frying_pan, whisk], move [partner, frying_pan, stove]]
	tea - hot_tea
		[pour [partner, water_bowl, mixing_bowl_1], pour [partner, tea_bowl, mixing_bowl_1], mix [partner, mixing_bowl_1, whisk], pour [partner, mixing_bowl_1, frying_pan], move [human, frying_pan, stove]]

pour [partner, olive_oil_bowl, frying_pan]
	pancake - pancake
		[pour [partner, olive_oil_bowl, frying_pan], pour [partner, milk_bowl, mixing_bowl_1], pour [partner, eggs_bowl, mixing_bowl_1], pour [human, frying_pan, trash], pour [human, flour_bowl, mixing_bowl_1], mix [partner, mixing_bowl_1, whisk], pour [partner, mixing_bowl_1, frying_pan], move [human, frying_pan, stove]]
	fried egg - fried_egg
		[pour [partner, olive_oil_bowl, frying_pan], pour [human, eggs_bowl, frying_pan], move [partner, frying_pan, stove], mix [partner, frying_pan, whisk]]
	scrambled egg - scrambled_egg
		[pour [partner, olive_oil_bowl, frying_pan], move [human, frying_pan, stove], move [human, frying_pan, counter], pour [partner, eggs_bowl, frying_pan], mix [human, frying_pan, whisk], move [partner, frying_pan, stove]]
	tea - hot_tea
		[pour [partner, olive_oil_bowl, frying_pan], pour [partner, water_bowl, mixing_bowl_1], pour [partner, tea_bowl, mixing_bowl_1], mix [partner, mixing_bowl_1, whisk], pour [human, frying_pan, trash], pour [human, mixing_bowl_1, frying_pan], move [partner, frying_pan, stove]]

pour [partner, water_bowl, mixing_bowl_1]
	pancake - pancake
		[pour [partner, water_bowl, mixing_bowl_1], pour [partner, mixing_bowl_1, trash], pour [human, eggs_bowl, mixing_bowl_1], pour [human, milk_bowl, mixing_bowl_1], pour [human, flour_bowl, mixing_bowl_1], mix [human, mixing_bowl_1, whisk], pour [partner, mixing_bowl_1, frying_pan], move [human, frying_pan, stove]]
	fried egg - fried_egg
		[pour [partner, water_bowl, mixing_bowl_1], pour [partner, butter_bowl, frying_pan], pour [partner, eggs_bowl, frying_pan], move [partner, frying_pan, stove], mix [human, frying_pan, whisk]]
	scrambled egg - scrambled_egg
		[pour [partner, water_bowl, mixing_bowl_1], pour [partner, butter_bowl, frying_pan], move [human, frying_pan, stove], move [human, frying_pan, counter], pour [human, eggs_bowl, frying_pan], mix [human, frying_pan, whisk], move [partner, frying_pan, stove]]
	tea - hot_tea
		[pour [partner, water_bowl, mixing_bowl_1], pour [human, tea_bowl, mixing_bowl_1], mix [human, mixing_bowl_1, whisk], pour [partner, mixing_bowl_1, frying_pan], move [human, frying_pan, stove]]

pour [partner, flour_bowl, mixing_bowl_1]: 98.8509822220374
pour [partner, eggs_bowl, mixing_bowl_1]: 78.40258627458638
pour [partner, eggs_bowl, frying_pan]: 82.83115770315783
pour [partner, olive_oil_bowl, frying_pan]: 72.92782574634651
pour [partner, butter_bowl, frying_pan]: 73.97401484601497
pour [partner, tea_bowl, mixing_bowl_1]: 75.1918719888713
pour [partner, milk_bowl, mixing_bowl_1]: 77.87333457390645
pour [partner, water_bowl, mixing_bowl_1]: 73.65458627458673
NullAction [partner]: 71.79544341744354
Partner chose to wait
human scheduled actions
-partner
	pour [partner, milk_bowl, mixing_bowl_1], 0.0, 15.962023730537663
	pour [partner, flour_bowl, mixing_bowl_1], 15.962023730537663, 32.25607904133514
	wait, 32.25607904133514, 43.61529183412331
	mix [partner, mixing_bowl_1, whisk], 43.61529183412331, 46.181147295248216
	pour [partner, mixing_bowl_1, frying_pan], 46.181147295248216, 65.43098999069954
-human
	wait, 0.0, 32.25607904133514
	pour [human, eggs_bowl, mixing_bowl_1], 32.25607904133514, 43.61529183412331
	wait, 43.61529183412331, 65.43098999069954
	move [human, frying_pan, stove], 65.43098999069954, 70.43403412131092
Previous Distribution
coffee with milk - coffee_with_milk: 0.0
cereal with milk - cereal_with_milk: 0.0
pancake - pancake: 0.21428571428571427
fried egg - fried_egg: 0.21428571428571427
scrambled egg - scrambled_egg: 0.2857142857142857
chocolate milk - chocolate_milk: 0.0
tea - hot_tea: 0.2857142857142857


Current Distribution
pancake - pancake: 0.21428571428571427
fried egg - fried_egg: 0.21428571428571427
scrambled egg - scrambled_egg: 0.2857142857142857
tea - hot_tea: 0.2857142857142857


pour [partner, eggs_bowl, mixing_bowl_1]
	pancake - pancake
		[pour [partner, eggs_bowl, mixing_bowl_1], pour [partner, flour_bowl, mixing_bowl_1], pour [human, milk_bowl, mixing_bowl_1], mix [partner, mixing_bowl_1, whisk], pour [human, mixing_bowl_1, frying_pan], move [human, frying_pan, stove]]
	fried egg - fried_egg
		[pour [partner, eggs_bowl, mixing_bowl_1], pour [human, olive_oil_bowl, frying_pan], pour [partner, mixing_bowl_1, frying_pan], move [human, frying_pan, stove], mix [human, frying_pan, whisk]]
	scrambled egg - scrambled_egg
		[pour [partner, eggs_bowl, mixing_bowl_1], pour [partner, olive_oil_bowl, frying_pan], move [human, frying_pan, stove], move [human, frying_pan, counter], pour [partner, mixing_bowl_1, frying_pan], mix [human, frying_pan, whisk], move [human, frying_pan, stove]]
	tea - hot_tea
		[pour [partner, eggs_bowl, mixing_bowl_1], pour [partner, mixing_bowl_1, trash], pour [partner, water_bowl, mixing_bowl_1], pour [partner, tea_bowl, mixing_bowl_1], mix [human, mixing_bowl_1, whisk], pour [partner, mixing_bowl_1, frying_pan], move [human, frying_pan, stove]]

pour [partner, olive_oil_bowl, frying_pan]
	pancake - pancake
		[pour [partner, olive_oil_bowl, frying_pan], pour [partner, flour_bowl, mixing_bowl_1], pour [human, eggs_bowl, mixing_bowl_1], pour [partner, frying_pan, trash], pour [partner, milk_bowl, mixing_bowl_1], mix [partner, mixing_bowl_1, whisk], pour [human, mixing_bowl_1, frying_pan], move [partner, frying_pan, stove]]
	fried egg - fried_egg
		[pour [partner, olive_oil_bowl, frying_pan], pour [partner, eggs_bowl, frying_pan], move [partner, frying_pan, stove], mix [partner, frying_pan, whisk]]
	scrambled egg - scrambled_egg
		[pour [partner, olive_oil_bowl, frying_pan], move [human, frying_pan, stove], move [human, frying_pan, counter], pour [partner, eggs_bowl, frying_pan], mix [partner, frying_pan, whisk], move [human, frying_pan, stove]]
	tea - hot_tea
		[pour [partner, olive_oil_bowl, frying_pan], pour [human, water_bowl, mixing_bowl_1], pour [human, tea_bowl, mixing_bowl_1], pour [partner, frying_pan, trash], mix [partner, mixing_bowl_1, whisk], pour [partner, mixing_bowl_1, frying_pan], move [partner, frying_pan, stove]]

pour [partner, eggs_bowl, frying_pan]
	pancake - pancake
		[pour [partner, eggs_bowl, frying_pan], pour [partner, frying_pan, mixing_bowl_1], pour [human, flour_bowl, mixing_bowl_1], pour [partner, milk_bowl, mixing_bowl_1], mix [human, mixing_bowl_1, whisk], pour [human, mixing_bowl_1, frying_pan], move [human, frying_pan, stove]]
	fried egg - fried_egg
		[pour [partner, eggs_bowl, frying_pan], pour [partner, butter_bowl, frying_pan], move [partner, frying_pan, stove], mix [human, frying_pan, whisk]]
	scrambled egg - scrambled_egg
		[pour [partner, eggs_bowl, frying_pan], pour [partner, frying_pan, mixing_bowl_1], pour [partner, olive_oil_bowl, frying_pan], move [partner, frying_pan, stove], move [human, frying_pan, counter], pour [partner, mixing_bowl_1, frying_pan], mix [human, frying_pan, whisk], move [human, frying_pan, stove]]
	tea - hot_tea
		[pour [partner, eggs_bowl, frying_pan], pour [human, tea_bowl, mixing_bowl_1], pour [human, water_bowl, mixing_bowl_1], mix [human, mixing_bowl_1, whisk], pour [human, frying_pan, trash], pour [partner, mixing_bowl_1, frying_pan], move [partner, frying_pan, stove]]

pour [partner, flour_bowl, mixing_bowl_1]
	pancake - pancake
		[pour [partner, flour_bowl, mixing_bowl_1], pour [human, eggs_bowl, mixing_bowl_1], pour [human, milk_bowl, mixing_bowl_1], mix [human, mixing_bowl_1, whisk], pour [partner, mixing_bowl_1, frying_pan], move [partner, frying_pan, stove]]
	fried egg - fried_egg
		[pour [partner, flour_bowl, mixing_bowl_1], pour [partner, butter_bowl, frying_pan], pour [partner, eggs_bowl, frying_pan], move [partner, frying_pan, stove], mix [human, frying_pan, whisk]]
	scrambled egg - scrambled_egg
		[pour [partner, flour_bowl, mixing_bowl_1], pour [partner, olive_oil_bowl, frying_pan], move [partner, frying_pan, stove], move [partner, frying_pan, counter], pour [human, eggs_bowl, frying_pan], mix [partner, frying_pan, whisk], move [partner, frying_pan, stove]]
	tea - hot_tea
		[pour [partner, flour_bowl, mixing_bowl_1], pour [human, mixing_bowl_1, trash], pour [human, tea_bowl, mixing_bowl_1], pour [human, water_bowl, mixing_bowl_1], mix [human, mixing_bowl_1, whisk], pour [partner, mixing_bowl_1, frying_pan], move [human, frying_pan, stove]]

pour [partner, butter_bowl, frying_pan]
	pancake - pancake
		[pour [partner, butter_bowl, frying_pan], pour [human, eggs_bowl, mixing_bowl_1], pour [human, milk_bowl, mixing_bowl_1], pour [partner, flour_bowl, mixing_bowl_1], mix [human, mixing_bowl_1, whisk], pour [partner, frying_pan, trash], pour [partner, mixing_bowl_1, frying_pan], move [human, frying_pan, stove]]
	fried egg - fried_egg
		[pour [partner, butter_bowl, frying_pan], pour [partner, eggs_bowl, frying_pan], move [human, frying_pan, stove], mix [partner, frying_pan, whisk]]
	scrambled egg - scrambled_egg
		[pour [partner, butter_bowl, frying_pan], move [human, frying_pan, stove], move [human, frying_pan, counter], pour [human, eggs_bowl, frying_pan], mix [human, frying_pan, whisk], move [human, frying_pan, stove]]
	tea - hot_tea
		[pour [partner, butter_bowl, frying_pan], pour [human, tea_bowl, mixing_bowl_1], pour [partner, frying_pan, trash], pour [partner, water_bowl, mixing_bowl_1], mix [human, mixing_bowl_1, whisk], pour [human, mixing_bowl_1, frying_pan], move [partner, frying_pan, stove]]

pour [partner, tea_bowl, mixing_bowl_1]
	pancake - pancake
		[pour [partner, tea_bowl, mixing_bowl_1], pour [human, mixing_bowl_1, trash], pour [human, eggs_bowl, mixing_bowl_1], pour [human, flour_bowl, mixing_bowl_1], pour [partner, milk_bowl, mixing_bowl_1], mix [partner, mixing_bowl_1, whisk], pour [partner, mixing_bowl_1, frying_pan], move [partner, frying_pan, stove]]
	fried egg - fried_egg
		[pour [partner, tea_bowl, mixing_bowl_1], pour [human, butter_bowl, frying_pan], pour [partner, eggs_bowl, frying_pan], move [human, frying_pan, stove], mix [human, frying_pan, whisk]]
	scrambled egg - scrambled_egg
		[pour [partner, tea_bowl, mixing_bowl_1], pour [human, butter_bowl, frying_pan], move [human, frying_pan, stove], move [partner, frying_pan, counter], pour [partner, eggs_bowl, frying_pan], mix [partner, frying_pan, whisk], move [human, frying_pan, stove]]
	tea - hot_tea
		[pour [partner, tea_bowl, mixing_bowl_1], pour [partner, water_bowl, mixing_bowl_1], mix [human, mixing_bowl_1, whisk], pour [partner, mixing_bowl_1, frying_pan], move [partner, frying_pan, stove]]

pour [partner, milk_bowl, mixing_bowl_1]
	pancake - pancake
		[pour [partner, milk_bowl, mixing_bowl_1], pour [partner, flour_bowl, mixing_bowl_1], pour [partner, eggs_bowl, mixing_bowl_1], mix [partner, mixing_bowl_1, whisk], pour [partner, mixing_bowl_1, frying_pan], move [human, frying_pan, stove]]
	fried egg - fried_egg
		[pour [partner, milk_bowl, mixing_bowl_1], pour [human, olive_oil_bowl, frying_pan], pour [human, eggs_bowl, frying_pan], move [partner, frying_pan, stove], mix [partner, frying_pan, whisk]]
	scrambled egg - scrambled_egg
		[pour [partner, milk_bowl, mixing_bowl_1], pour [partner, butter_bowl, frying_pan], move [partner, frying_pan, stove], move [human, frying_pan, counter], pour [partner, eggs_bowl, frying_pan], mix [partner, frying_pan, whisk], move [partner, frying_pan, stove]]
	tea - hot_tea
		[pour [partner, milk_bowl, mixing_bowl_1], pour [partner, mixing_bowl_1, trash], pour [partner, tea_bowl, mixing_bowl_1], pour [human, water_bowl, mixing_bowl_1], mix [partner, mixing_bowl_1, whisk], pour [partner, mixing_bowl_1, frying_pan], move [partner, frying_pan, stove]]

pour [partner, water_bowl, mixing_bowl_1]
	pancake - pancake
		[pour [partner, water_bowl, mixing_bowl_1], pour [partner, mixing_bowl_1, trash], pour [human, milk_bowl, mixing_bowl_1], pour [partner, flour_bowl, mixing_bowl_1], pour [human, eggs_bowl, mixing_bowl_1], mix [human, mixing_bowl_1, whisk], pour [partner, mixing_bowl_1, frying_pan], move [partner, frying_pan, stove]]
	fried egg - fried_egg
		[pour [partner, water_bowl, mixing_bowl_1], pour [human, eggs_bowl, frying_pan], pour [partner, olive_oil_bowl, frying_pan], move [partner, frying_pan, stove], mix [human, frying_pan, whisk]]
	scrambled egg - scrambled_egg
		[pour [partner, water_bowl, mixing_bowl_1], pour [human, butter_bowl, frying_pan], move [partner, frying_pan, stove], move [human, frying_pan, counter], pour [human, eggs_bowl, frying_pan], mix [human, frying_pan, whisk], move [human, frying_pan, stove]]
	tea - hot_tea
		[pour [partner, water_bowl, mixing_bowl_1], pour [partner, tea_bowl, mixing_bowl_1], mix [human, mixing_bowl_1, whisk], pour [partner, mixing_bowl_1, frying_pan], move [human, frying_pan, stove]]

NullAction [partner]
	pancake - pancake
		[pour [human, flour_bowl, mixing_bowl_1], pour [human, milk_bowl, mixing_bowl_1], pour [human, eggs_bowl, mixing_bowl_1], mix [human, mixing_bowl_1, whisk], pour [partner, mixing_bowl_1, frying_pan], move [partner, frying_pan, stove]]
	fried egg - fried_egg
		[pour [human, eggs_bowl, frying_pan], pour [partner, olive_oil_bowl, frying_pan], move [human, frying_pan, stove], mix [partner, frying_pan, whisk]]
	scrambled egg - scrambled_egg
		[pour [human, olive_oil_bowl, frying_pan], move [human, frying_pan, stove], move [human, frying_pan, counter], pour [human, eggs_bowl, frying_pan], mix [partner, frying_pan, whisk], move [partner, frying_pan, stove]]
	tea - hot_tea
		[pour [human, water_bowl, mixing_bowl_1], pour [partner, tea_bowl, mixing_bowl_1], mix [partner, mixing_bowl_1, whisk], pour [human, mixing_bowl_1, frying_pan], move [partner, frying_pan, stove]]

pour [partner, flour_bowl, mixing_bowl_1]: 78.40258627458638
pour [partner, eggs_bowl, mixing_bowl_1]: 78.40258627458638
pour [partner, eggs_bowl, frying_pan]: 75.48309949457352
pour [partner, olive_oil_bowl, frying_pan]: 72.92782574634651
pour [partner, butter_bowl, frying_pan]: 73.97401484601497
pour [partner, tea_bowl, mixing_bowl_1]: 75.1918719888713
pour [partner, milk_bowl, mixing_bowl_1]: 78.40258627458638
pour [partner, water_bowl, mixing_bowl_1]: 72.65815770315736
NullAction [partner]: 71.79544341744354
Partner chose to wait
human scheduled actions
-partner
	pour [partner, flour_bowl, mixing_bowl_1], 0.0, 15.61855497336573
	pour [partner, milk_bowl, mixing_bowl_1], 15.618554973365729, 34.14504515050664
	wait, 34.14504515050664, 46.006531826470614
	mix [partner, mixing_bowl_1, whisk], 46.006531826470614, 48.66807942148695
	pour [partner, mixing_bowl_1, frying_pan], 48.66807942148696, 66.26262890084334
-human
	wait, 0.0, 34.14504515050664
	pour [human, eggs_bowl, mixing_bowl_1], 34.14504515050664, 46.006531826470614
	wait, 46.006531826470614, 66.26262890084334
	move [human, frying_pan, stove], 66.26262890084334, 71.17885369960753
Previous Distribution
coffee with milk - coffee_with_milk: 0.0
cereal with milk - cereal_with_milk: 0.0
pancake - pancake: 0.21428571428571427
fried egg - fried_egg: 0.21428571428571427
scrambled egg - scrambled_egg: 0.2857142857142857
chocolate milk - chocolate_milk: 0.0
tea - hot_tea: 0.2857142857142857


Current Distribution
pancake - pancake: 0.21428571428571427
fried egg - fried_egg: 0.21428571428571427
scrambled egg - scrambled_egg: 0.2857142857142857
tea - hot_tea: 0.2857142857142857


pour [partner, eggs_bowl, mixing_bowl_1]
	pancake - pancake
		[pour [partner, eggs_bowl, mixing_bowl_1], pour [human, flour_bowl, mixing_bowl_1], pour [partner, milk_bowl, mixing_bowl_1], mix [partner, mixing_bowl_1, whisk], pour [human, mixing_bowl_1, frying_pan], move [partner, frying_pan, stove]]
	fried egg - fried_egg
		[pour [partner, eggs_bowl, mixing_bowl_1], pour [partner, olive_oil_bowl, frying_pan], pour [human, mixing_bowl_1, frying_pan], move [human, frying_pan, stove], mix [partner, frying_pan, whisk]]
	scrambled egg - scrambled_egg
		[pour [partner, eggs_bowl, mixing_bowl_1], pour [human, butter_bowl, frying_pan], move [human, frying_pan, stove], move [partner, frying_pan, counter], pour [partner, mixing_bowl_1, frying_pan], mix [partner, frying_pan, whisk], move [human, frying_pan, stove]]
	tea - hot_tea
		[pour [partner, eggs_bowl, mixing_bowl_1], pour [partner, mixing_bowl_1, trash], pour [partner, tea_bowl, mixing_bowl_1], pour [partner, water_bowl, mixing_bowl_1], mix [partner, mixing_bowl_1, whisk], pour [human, mixing_bowl_1, frying_pan], move [partner, frying_pan, stove]]

pour [partner, butter_bowl, frying_pan]
	pancake - pancake
		[pour [partner, butter_bowl, frying_pan], pour [human, frying_pan, trash], pour [human, milk_bowl, mixing_bowl_1], pour [human, flour_bowl, mixing_bowl_1], pour [human, eggs_bowl, mixing_bowl_1], mix [partner, mixing_bowl_1, whisk], pour [human, mixing_bowl_1, frying_pan], move [human, frying_pan, stove]]
	fried egg - fried_egg
		[pour [partner, butter_bowl, frying_pan], pour [human, eggs_bowl, frying_pan], move [partner, frying_pan, stove], mix [partner, frying_pan, whisk]]
	scrambled egg - scrambled_egg
		[pour [partner, butter_bowl, frying_pan], move [human, frying_pan, stove], move [partner, frying_pan, counter], pour [human, eggs_bowl, frying_pan], mix [human, frying_pan, whisk], move [human, frying_pan, stove]]
	tea - hot_tea
		[pour [partner, butter_bowl, frying_pan], pour [human, frying_pan, trash], pour [partner, tea_bowl, mixing_bowl_1], pour [partner, water_bowl, mixing_bowl_1], mix [human, mixing_bowl_1, whisk], pour [partner, mixing_bowl_1, frying_pan], move [partner, frying_pan, stove]]

pour [partner, eggs_bowl, frying_pan]
	pancake - pancake
		[pour [partner, eggs_bowl, frying_pan], pour [human, frying_pan, mixing_bowl_1], pour [partner, flour_bowl, mixing_bowl_1], pour [partner, milk_bowl, mixing_bowl_1], mix [human, mixing_bowl_1, whisk], pour [human, mixing_bowl_1, frying_pan], move [human, frying_pan, stove]]
	fried egg - fried_egg
		[pour [partner, eggs_bowl, frying_pan], pour [human, olive_oil_bowl, frying_pan], move [partner, frying_pan, stove], mix [human, frying_pan, whisk]]
	scrambled egg - scrambled_egg
		[pour [partner, eggs_bowl, frying_pan], pour [human, frying_pan, mixing_bowl_1], pour [partner, olive_oil_bowl, frying_pan], move [partner, frying_pan, stove], move [human, frying_pan, counter], pour [human, mixing_bowl_1, frying_pan], mix [partner, frying_pan, whisk], move [human, frying_pan, stove]]
	tea - hot_tea
		[pour [partner, eggs_bowl, frying_pan], pour [human, frying_pan, trash], pour [partner, water_bowl, mixing_bowl_1], pour [partner, tea_bowl, mixing_bowl_1], mix [human, mixing_bowl_1, whisk], pour [human, mixing_bowl_1, frying_pan], move [human, frying_pan, stove]]

pour [partner, flour_bowl, mixing_bowl_1]
	pancake - pancake
		[pour [partner, flour_bowl, mixing_bowl_1], pour [partner, eggs_bowl, mixing_bowl_1], pour [partner, milk_bowl, mixing_bowl_1], mix [human, mixing_bowl_1, whisk], pour [human, mixing_bowl_1, frying_pan], move [human, frying_pan, stove]]
	fried egg - fried_egg
		[pour [partner, flour_bowl, mixing_bowl_1], pour [partner, butter_bowl, frying_pan], pour [human, eggs_bowl, frying_pan], move [partner, frying_pan, stove], mix [human, frying_pan, whisk]]
	scrambled egg - scrambled_egg
		[pour [partner, flour_bowl, mixing_bowl_1], pour [human, olive_oil_bowl, frying_pan], move [human, frying_pan, stove], move [partner, frying_pan, counter], pour [human, eggs_bowl, frying_pan], mix [partner, frying_pan, whisk], move [human, frying_pan, stove]]
	tea - hot_tea
		[pour [partner, flour_bowl, mixing_bowl_1], pour [partner, mixing_bowl_1, trash], pour [partner, tea_bowl, mixing_bowl_1], pour [partner, water_bowl, mixing_bowl_1], mix [partner, mixing_bowl_1, whisk], pour [human, mixing_bowl_1, frying_pan], move [human, frying_pan, stove]]

pour [partner, tea_bowl, mixing_bowl_1]
	pancake - pancake
		[pour [partner, tea_bowl, mixing_bowl_1], pour [human, mixing_bowl_1, trash], pour [partner, milk_bowl, mixing_bowl_1], pour [human, eggs_bowl, mixing_bowl_1], pour [human, flour_bowl, mixing_bowl_1], mix [human, mixing_bowl_1, whisk], pour [human, mixing_bowl_1, frying_pan], move [partner, frying_pan, stove]]
	fried egg - fried_egg
		[pour [partner, tea_bowl, mixing_bowl_1], pour [human, eggs_bowl, frying_pan], pour [human, olive_oil_bowl, frying_pan], move [human, frying_pan, stove], mix [human, frying_pan, whisk]]
	scrambled egg - scrambled_egg
		[pour [partner, tea_bowl, mixing_bowl_1], pour [partner, butter_bowl, frying_pan], move [partner, frying_pan, stove], move [partner, frying_pan, counter], pour [partner, eggs_bowl, frying_pan], mix [human, frying_pan, whisk], move [partner, frying_pan, stove]]
	tea - hot_tea
		[pour [partner, tea_bowl, mixing_bowl_1], pour [partner, water_bowl, mixing_bowl_1], mix [human, mixing_bowl_1, whisk], pour [human, mixing_bowl_1, frying_pan], move [human, frying_pan, stove]]

pour [partner, milk_bowl, mixing_bowl_1]
	pancake - pancake
		[pour [partner, milk_bowl, mixing_bowl_1], pour [partner, eggs_bowl, mixing_bowl_1], pour [human, flour_bowl, mixing_bowl_1], mix [human, mixing_bowl_1, whisk], pour [partner, mixing_bowl_1, frying_pan], move [partner, frying_pan, stove]]
	fried egg - fried_egg
		[pour [partner, milk_bowl, mixing_bowl_1], pour [human, butter_bowl, frying_pan], pour [partner, eggs_bowl, frying_pan], move [human, frying_pan, stove], mix [partner, frying_pan, whisk]]
	scrambled egg - scrambled_egg
		[pour [partner, milk_bowl, mixing_bowl_1], pour [human, butter_bowl, frying_pan], move [human, frying_pan, stove], move [partner, frying_pan, counter], pour [human, eggs_bowl, frying_pan], mix [human, frying_pan, whisk], move [human, frying_pan, stove]]
	tea - hot_tea
		[pour [partner, milk_bowl, mixing_bowl_1], pour [human, mixing_bowl_1, trash], pour [human, water_bowl, mixing_bowl_1], pour [partner, tea_bowl, mixing_bowl_1], mix [partner, mixing_bowl_1, whisk], pour [human, mixing_bowl_1, frying_pan], move [partner, frying_pan, stove]]

NullAction [partner]
	pancake - pancake
		[pour [partner, milk_bowl, mixing_bowl_1], pour [human, eggs_bowl, mixing_bowl_1], pour [human, flour_bowl, mixing_bowl_1], mix [partner, mixing_bowl_1, whisk], pour [human, mixing_bowl_1, frying_pan], move [partner, frying_pan, stove]]
	fried egg - fried_egg
		[pour [partner, olive_oil_bowl, frying_pan], pour [partner, eggs_bowl, frying_pan], move [human, frying_pan, stove], mix [partner, frying_pan, whisk]]
	scrambled egg - scrambled_egg
		[pour [partner, butter_bowl, frying_pan], move [human, frying_pan, stove], move [human, frying_pan, counter], pour [partner, eggs_bowl, frying_pan], mix [partner, frying_pan, whisk], move [human, frying_pan, stove]]
	tea - hot_tea
		[pour [human, tea_bowl, mixing_bowl_1], pour [partner, water_bowl, mixing_bowl_1], mix [human, mixing_bowl_1, whisk], pour [human, mixing_bowl_1, frying_pan], move [human, frying_pan, stove]]

pour [partner, water_bowl, mixing_bowl_1]
	pancake - pancake
		[pour [partner, water_bowl, mixing_bowl_1], pour [partner, mixing_bowl_1, trash], pour [human, milk_bowl, mixing_bowl_1], pour [partner, flour_bowl, mixing_bowl_1], pour [human, eggs_bowl, mixing_bowl_1], mix [human, mixing_bowl_1, whisk], pour [human, mixing_bowl_1, frying_pan], move [human, frying_pan, stove]]
	fried egg - fried_egg
		[pour [partner, water_bowl, mixing_bowl_1], pour [partner, olive_oil_bowl, frying_pan], pour [human, eggs_bowl, frying_pan], move [partner, frying_pan, stove], mix [partner, frying_pan, whisk]]
	scrambled egg - scrambled_egg
		[pour [partner, water_bowl, mixing_bowl_1], pour [human, butter_bowl, frying_pan], move [partner, frying_pan, stove], move [human, frying_pan, counter], pour [partner, eggs_bowl, frying_pan], mix [human, frying_pan, whisk], move [human, frying_pan, stove]]
	tea - hot_tea
		[pour [partner, water_bowl, mixing_bowl_1], pour [partner, tea_bowl, mixing_bowl_1], mix [partner, mixing_bowl_1, whisk], pour [partner, mixing_bowl_1, frying_pan], move [partner, frying_pan, stove]]

pour [partner, flour_bowl, mixing_bowl_1]: 78.40258627458638
pour [partner, eggs_bowl, mixing_bowl_1]: 78.40258627458638
pour [partner, eggs_bowl, frying_pan]: 79.10304620490106
pour [partner, butter_bowl, frying_pan]: 73.97401484601497
pour [partner, tea_bowl, mixing_bowl_1]: 76.18830056030068
pour [partner, milk_bowl, mixing_bowl_1]: 77.87333457390645
pour [partner, water_bowl, mixing_bowl_1]: 73.65458627458673
NullAction [partner]: 71.79544341744354
Partner chose to wait
Human chose pour [human, eggs_bowl, mixing_bowl_1]
Previous Distribution
coffee with milk - coffee_with_milk: 0.0
cereal with milk - cereal_with_milk: 0.0
pancake - pancake: 0.21428571428571427
fried egg - fried_egg: 0.21428571428571427
scrambled egg - scrambled_egg: 0.2857142857142857
chocolate milk - chocolate_milk: 0.0
tea - hot_tea: 0.2857142857142857


Current Distribution
pancake - pancake: 0.21428571428571427
fried egg - fried_egg: 0.21428571428571427
scrambled egg - scrambled_egg: 0.2857142857142857
tea - hot_tea: 0.2857142857142857


pour [partner, olive_oil_bowl, frying_pan]
	pancake - pancake
		[pour [partner, olive_oil_bowl, frying_pan], pour [human, milk_bowl, mixing_bowl_1], pour [partner, frying_pan, trash], pour [partner, eggs_bowl, mixing_bowl_1], pour [human, flour_bowl, mixing_bowl_1], mix [human, mixing_bowl_1, whisk], pour [partner, mixing_bowl_1, frying_pan], move [partner, frying_pan, stove]]
	fried egg - fried_egg
		[pour [partner, olive_oil_bowl, frying_pan], pour [partner, eggs_bowl, frying_pan], move [partner, frying_pan, stove], mix [human, frying_pan, whisk]]
	scrambled egg - scrambled_egg
		[pour [partner, olive_oil_bowl, frying_pan], move [partner, frying_pan, stove], move [human, frying_pan, counter], pour [human, eggs_bowl, frying_pan], mix [partner, frying_pan, whisk], move [human, frying_pan, stove]]
	tea - hot_tea
		[pour [partner, olive_oil_bowl, frying_pan], pour [human, tea_bowl, mixing_bowl_1], pour [partner, frying_pan, trash], pour [human, water_bowl, mixing_bowl_1], mix [partner, mixing_bowl_1, whisk], pour [partner, mixing_bowl_1, frying_pan], move [partner, frying_pan, stove]]

pour [partner, eggs_bowl, mixing_bowl_1]
	pancake - pancake
		[pour [partner, eggs_bowl, mixing_bowl_1], pour [human, flour_bowl, mixing_bowl_1], pour [partner, milk_bowl, mixing_bowl_1], mix [partner, mixing_bowl_1, whisk], pour [human, mixing_bowl_1, frying_pan], move [human, frying_pan, stove]]
	fried egg - fried_egg
		[pour [partner, eggs_bowl, mixing_bowl_1], pour [human, butter_bowl, frying_pan], pour [human, mixing_bowl_1, frying_pan], move [human, frying_pan, stove], mix [human, frying_pan, whisk]]
	scrambled egg - scrambled_egg
		[pour [partner, eggs_bowl, mixing_bowl_1], pour [partner, butter_bowl, frying_pan], move [human, frying_pan, stove], move [human, frying_pan, counter], pour [human, mixing_bowl_1, frying_pan], mix [partner, frying_pan, whisk], move [partner, frying_pan, stove]]
	tea - hot_tea
		[pour [partner, eggs_bowl, mixing_bowl_1], pour [partner, mixing_bowl_1, trash], pour [human, water_bowl, mixing_bowl_1], pour [human, tea_bowl, mixing_bowl_1], mix [partner, mixing_bowl_1, whisk], pour [human, mixing_bowl_1, frying_pan], move [partner, frying_pan, stove]]

pour [partner, flour_bowl, mixing_bowl_1]
	pancake - pancake
		[pour [partner, flour_bowl, mixing_bowl_1], pour [human, milk_bowl, mixing_bowl_1], pour [human, eggs_bowl, mixing_bowl_1], mix [human, mixing_bowl_1, whisk], pour [partner, mixing_bowl_1, frying_pan], move [human, frying_pan, stove]]
	fried egg - fried_egg
		[pour [partner, flour_bowl, mixing_bowl_1], pour [partner, butter_bowl, frying_pan], pour [human, eggs_bowl, frying_pan], move [partner, frying_pan, stove], mix [partner, frying_pan, whisk]]
	scrambled egg - scrambled_egg
		[pour [partner, flour_bowl, mixing_bowl_1], pour [partner, butter_bowl, frying_pan], move [human, frying_pan, stove], move [partner, frying_pan, counter], pour [partner, eggs_bowl, frying_pan], mix [human, frying_pan, whisk], move [human, frying_pan, stove]]
	tea - hot_tea
		[pour [partner, flour_bowl, mixing_bowl_1], pour [partner, mixing_bowl_1, trash], pour [human, water_bowl, mixing_bowl_1], pour [human, tea_bowl, mixing_bowl_1], mix [partner, mixing_bowl_1, whisk], pour [partner, mixing_bowl_1, frying_pan], move [human, frying_pan, stove]]

pour [partner, eggs_bowl, frying_pan]
	pancake - pancake
		[pour [partner, eggs_bowl, frying_pan], pour [partner, frying_pan, mixing_bowl_1], pour [partner, flour_bowl, mixing_bowl_1], pour [partner, milk_bowl, mixing_bowl_1], mix [human, mixing_bowl_1, whisk], pour [human, mixing_bowl_1, frying_pan], move [partner, frying_pan, stove]]
	fried egg - fried_egg
		[pour [partner, eggs_bowl, frying_pan], pour [human, butter_bowl, frying_pan], move [human, frying_pan, stove], mix [human, frying_pan, whisk]]
	scrambled egg - scrambled_egg
		[pour [partner, eggs_bowl, frying_pan], pour [partner, frying_pan, mixing_bowl_1], pour [human, olive_oil_bowl, frying_pan], move [human, frying_pan, stove], move [human, frying_pan, counter], pour [human, mixing_bowl_1, frying_pan], mix [partner, frying_pan, whisk], move [human, frying_pan, stove]]
	tea - hot_tea
		[pour [partner, eggs_bowl, frying_pan], pour [partner, water_bowl, mixing_bowl_1], pour [partner, tea_bowl, mixing_bowl_1], pour [partner, frying_pan, trash], mix [human, mixing_bowl_1, whisk], pour [partner, mixing_bowl_1, frying_pan], move [partner, frying_pan, stove]]

pour [partner, butter_bowl, frying_pan]
	pancake - pancake
		[pour [partner, butter_bowl, frying_pan], pour [human, frying_pan, trash], pour [partner, milk_bowl, mixing_bowl_1], pour [partner, flour_bowl, mixing_bowl_1], pour [human, eggs_bowl, mixing_bowl_1], mix [human, mixing_bowl_1, whisk], pour [partner, mixing_bowl_1, frying_pan], move [partner, frying_pan, stove]]
	fried egg - fried_egg
		[pour [partner, butter_bowl, frying_pan], pour [human, eggs_bowl, frying_pan], move [partner, frying_pan, stove], mix [human, frying_pan, whisk]]
	scrambled egg - scrambled_egg
		[pour [partner, butter_bowl, frying_pan], move [partner, frying_pan, stove], move [partner, frying_pan, counter], pour [human, eggs_bowl, frying_pan], mix [partner, frying_pan, whisk], move [human, frying_pan, stove]]
	tea - hot_tea
		[pour [partner, butter_bowl, frying_pan], pour [partner, frying_pan, trash], pour [human, water_bowl, mixing_bowl_1], pour [partner, tea_bowl, mixing_bowl_1], mix [human, mixing_bowl_1, whisk], pour [human, mixing_bowl_1, frying_pan], move [human, frying_pan, stove]]

pour [partner, milk_bowl, mixing_bowl_1]
	pancake - pancake
		[pour [partner, milk_bowl, mixing_bowl_1], pour [human, flour_bowl, mixing_bowl_1], pour [partner, eggs_bowl, mixing_bowl_1], mix [human, mixing_bowl_1, whisk], pour [human, mixing_bowl_1, frying_pan], move [partner, frying_pan, stove]]
	fried egg - fried_egg
		[pour [partner, milk_bowl, mixing_bowl_1], pour [partner, olive_oil_bowl, frying_pan], pour [partner, eggs_bowl, frying_pan], move [partner, frying_pan, stove], mix [human, frying_pan, whisk]]
	scrambled egg - scrambled_egg
		[pour [partner, milk_bowl, mixing_bowl_1], pour [human, olive_oil_bowl, frying_pan], move [partner, frying_pan, stove], move [partner, frying_pan, counter], pour [human, eggs_bowl, frying_pan], mix [partner, frying_pan, whisk], move [partner, frying_pan, stove]]
	tea - hot_tea
		[pour [partner, milk_bowl, mixing_bowl_1], pour [human, mixing_bowl_1, trash], pour [partner, tea_bowl, mixing_bowl_1], pour [partner, water_bowl, mixing_bowl_1], mix [human, mixing_bowl_1, whisk], pour [partner, mixing_bowl_1, frying_pan], move [partner, frying_pan, stove]]

pour [partner, tea_bowl, mixing_bowl_1]
	pancake - pancake
		[pour [partner, tea_bowl, mixing_bowl_1], pour [partner, mixing_bowl_1, trash], pour [human, milk_bowl, mixing_bowl_1], pour [human, flour_bowl, mixing_bowl_1], pour [human, eggs_bowl, mixing_bowl_1], mix [partner, mixing_bowl_1, whisk], pour [human, mixing_bowl_1, frying_pan], move [human, frying_pan, stove]]
	fried egg - fried_egg
		[pour [partner, tea_bowl, mixing_bowl_1], pour [partner, eggs_bowl, frying_pan], pour [human, olive_oil_bowl, frying_pan], move [partner, frying_pan, stove], mix [human, frying_pan, whisk]]
	scrambled egg - scrambled_egg
		[pour [partner, tea_bowl, mixing_bowl_1], pour [human, olive_oil_bowl, frying_pan], move [partner, frying_pan, stove], move [partner, frying_pan, counter], pour [partner, eggs_bowl, frying_pan], mix [human, frying_pan, whisk], move [human, frying_pan, stove]]
	tea - hot_tea
		[pour [partner, tea_bowl, mixing_bowl_1], pour [human, water_bowl, mixing_bowl_1], mix [human, mixing_bowl_1, whisk], pour [human, mixing_bowl_1, frying_pan], move [human, frying_pan, stove]]

pour [partner, water_bowl, mixing_bowl_1]
	pancake - pancake
		[pour [partner, water_bowl, mixing_bowl_1], pour [human, mixing_bowl_1, trash], pour [partner, flour_bowl, mixing_bowl_1], pour [partner, milk_bowl, mixing_bowl_1], pour [partner, eggs_bowl, mixing_bowl_1], mix [human, mixing_bowl_1, whisk], pour [human, mixing_bowl_1, frying_pan], move [human, frying_pan, stove]]
	fried egg - fried_egg
		[pour [partner, water_bowl, mixing_bowl_1], pour [partner, butter_bowl, frying_pan], pour [human, eggs_bowl, frying_pan], move [human, frying_pan, stove], mix [human, frying_pan, whisk]]
	scrambled egg - scrambled_egg
		[pour [partner, water_bowl, mixing_bowl_1], pour [partner, olive_oil_bowl, frying_pan], move [human, frying_pan, stove], move [partner, frying_pan, counter], pour [human, eggs_bowl, frying_pan], mix [partner, frying_pan, whisk], move [partner, frying_pan, stove]]
	tea - hot_tea
		[pour [partner, water_bowl, mixing_bowl_1], pour [human, tea_bowl, mixing_bowl_1], mix [partner, mixing_bowl_1, whisk], pour [human, mixing_bowl_1, frying_pan], move [human, frying_pan, stove]]

NullAction [partner]
	pancake - pancake
		[pour [partner, flour_bowl, mixing_bowl_1], pour [human, eggs_bowl, mixing_bowl_1], pour [human, milk_bowl, mixing_bowl_1], mix [partner, mixing_bowl_1, whisk], pour [partner, mixing_bowl_1, frying_pan], move [human, frying_pan, stove]]
	fried egg - fried_egg
		[pour [partner, butter_bowl, frying_pan], pour [human, eggs_bowl, frying_pan], move [partner, frying_pan, stove], mix [human, frying_pan, whisk]]
	scrambled egg - scrambled_egg
		[pour [partner, butter_bowl, frying_pan], move [partner, frying_pan, stove], move [partner, frying_pan, counter], pour [human, eggs_bowl, frying_pan], mix [partner, frying_pan, whisk], move [human, frying_pan, stove]]
	tea - hot_tea
		[pour [partner, water_bowl, mixing_bowl_1], pour [human, tea_bowl, mixing_bowl_1], mix [human, mixing_bowl_1, whisk], pour [human, mixing_bowl_1, frying_pan], move [partner, frying_pan, stove]]

pour [partner, flour_bowl, mixing_bowl_1]: 77.87333457390645
pour [partner, eggs_bowl, mixing_bowl_1]: 78.40258627458638
pour [partner, olive_oil_bowl, frying_pan]: 72.92782574634651
pour [partner, eggs_bowl, frying_pan]: 79.10304620490106
pour [partner, butter_bowl, frying_pan]: 73.97401484601497
pour [partner, tea_bowl, mixing_bowl_1]: 75.1918719888713
pour [partner, milk_bowl, mixing_bowl_1]: 78.40258627458638
pour [partner, water_bowl, mixing_bowl_1]: 72.65815770315736
NullAction [partner]: 71.79544341744354
Partner chose to wait
Executing action pour [human, eggs_bowl, mixing_bowl_1], 8.78131767187077, 21.673150456631657
Executing action wait [partner] 8.78131767187077, 21.673150456631657
human scheduled actions
-partner
	pour [partner, milk_bowl, mixing_bowl_1], 0.0, 15.632309916585799
	pour [partner, flour_bowl, mixing_bowl_1], 15.632309916585799, 31.200186394899404
	mix [partner, mixing_bowl_1, whisk], 31.2001863948994, 33.87425771349867
	pour [partner, mixing_bowl_1, frying_pan], 33.87425771349867, 50.13491559757767
-human
	wait, 0.0, 50.13491559757767
	move [human, frying_pan, stove], 50.134915597577674, 54.890246517504366
Previous Distribution
coffee with milk - coffee_with_milk: 0.0
cereal with milk - cereal_with_milk: 0.0
pancake - pancake: 0.21428571428571427
fried egg - fried_egg: 0.21428571428571427
scrambled egg - scrambled_egg: 0.2857142857142857
chocolate milk - chocolate_milk: 0.0
tea - hot_tea: 0.2857142857142857


Update
coffee with milk - coffee_with_milk: 0.0
cereal with milk - cereal_with_milk: 0.0
pancake - pancake: 1.0
fried egg - fried_egg: 0.0
scrambled egg - scrambled_egg: 0.0
chocolate milk - chocolate_milk: 0.0
tea - hot_tea: 0.0


Current Distribution
pancake - pancake: 1.0


pour [partner, flour_bowl, mixing_bowl_1]
	pancake - pancake
		[pour [partner, flour_bowl, mixing_bowl_1], pour [human, milk_bowl, mixing_bowl_1], mix [partner, mixing_bowl_1, whisk], pour [human, mixing_bowl_1, frying_pan], move [human, frying_pan, stove]]

pour [partner, milk_bowl, mixing_bowl_1]
	pancake - pancake
		[pour [partner, milk_bowl, mixing_bowl_1], pour [partner, flour_bowl, mixing_bowl_1], mix [human, mixing_bowl_1, whisk], pour [partner, mixing_bowl_1, frying_pan], move [human, frying_pan, stove]]

NullAction [partner]
	pancake - pancake
		[pour [partner, flour_bowl, mixing_bowl_1], pour [human, milk_bowl, mixing_bowl_1], mix [human, mixing_bowl_1, whisk], pour [human, mixing_bowl_1, frying_pan], move [human, frying_pan, stove]]

pour [partner, flour_bowl, mixing_bowl_1]: 52.97755951789364
pour [partner, milk_bowl, mixing_bowl_1]: 52.97755951789364
NullAction [partner]: 62.97755951789364
Executing action pour [partner, flour_bowl, mixing_bowl_1], 21.673150456631657, 40.11743341824976
Executing action wait [human] 21.673150456631657, 40.11743341824976
human scheduled actions
-partner
	pour [partner, milk_bowl, mixing_bowl_1], 0.0, 15.511619833208218
	mix [partner, mixing_bowl_1, whisk], 15.511619833208218, 17.917203781451818
	pour [partner, mixing_bowl_1, frying_pan], 17.917203781451818, 34.935040534533165
-human
	wait, 0.0, 34.935040534533165
	move [human, frying_pan, stove], 34.935040534533165, 39.721979956070165
Previous Distribution
coffee with milk - coffee_with_milk: 0.0
cereal with milk - cereal_with_milk: 0.0
pancake - pancake: 1.0
fried egg - fried_egg: 0.0
scrambled egg - scrambled_egg: 0.0
chocolate milk - chocolate_milk: 0.0
tea - hot_tea: 0.0


Current Distribution
pancake - pancake: 1.0


pour [partner, milk_bowl, mixing_bowl_1]
	pancake - pancake
		[pour [partner, milk_bowl, mixing_bowl_1], mix [human, mixing_bowl_1, whisk], pour [partner, mixing_bowl_1, frying_pan], move [partner, frying_pan, stove]]

NullAction [partner]
	pancake - pancake
		[pour [human, milk_bowl, mixing_bowl_1], mix [human, mixing_bowl_1, whisk], pour [partner, mixing_bowl_1, frying_pan], move [partner, frying_pan, stove]]

pour [partner, milk_bowl, mixing_bowl_1]: 37.47755951789364
NullAction [partner]: 47.47755951789364
Executing action pour [partner, milk_bowl, mixing_bowl_1], 40.11743341824976, 56.3212826861403
Executing action wait [human] 40.11743341824976, 56.3212826861403
human scheduled actions
-partner
	mix [partner, mixing_bowl_1, whisk], 0.0, 2.5549693715229576
	pour [partner, mixing_bowl_1, frying_pan], 2.5549693715229562, 18.089512180803077
-human
	wait, 0.0, 18.089512180803077
	move [human, frying_pan, stove], 18.089512180803077, 23.140548018035464
Previous Distribution
coffee with milk - coffee_with_milk: 0.0
cereal with milk - cereal_with_milk: 0.0
pancake - pancake: 1.0
fried egg - fried_egg: 0.0
scrambled egg - scrambled_egg: 0.0
chocolate milk - chocolate_milk: 0.0
tea - hot_tea: 0.0


Current Distribution
pancake - pancake: 1.0


mix [partner, mixing_bowl_1, whisk]
	pancake - pancake
		[mix [partner, mixing_bowl_1, whisk], pour [human, mixing_bowl_1, frying_pan], move [partner, frying_pan, stove]]

NullAction [partner]
	pancake - pancake
		[mix [partner, mixing_bowl_1, whisk], pour [human, mixing_bowl_1, frying_pan], move [human, frying_pan, stove]]

mix [partner, mixing_bowl_1, whisk]: 21.97755951789364
NullAction [partner]: 31.97755951789364
Executing action mix [partner, mixing_bowl_1, whisk], 56.3212826861403, 59.07020948097632
Executing action wait [human] 56.3212826861403, 59.07020948097632
human scheduled actions
-partner
	pour [partner, mixing_bowl_1, frying_pan], 0.0, 15.898660397761702
-human
	wait, 0.0, 15.898660397761702
	move [human, frying_pan, stove], 15.898660397761702, 20.395367086569536
Previous Distribution
coffee with milk - coffee_with_milk: 0.0
cereal with milk - cereal_with_milk: 0.0
pancake - pancake: 1.0
fried egg - fried_egg: 0.0
scrambled egg - scrambled_egg: 0.0
chocolate milk - chocolate_milk: 0.0
tea - hot_tea: 0.0


Current Distribution
pancake - pancake: 1.0


pour [partner, mixing_bowl_1, frying_pan]
	pancake - pancake
		[pour [partner, mixing_bowl_1, frying_pan], move [human, frying_pan, stove]]

NullAction [partner]
	pancake - pancake
		[pour [partner, mixing_bowl_1, frying_pan], move [human, frying_pan, stove]]

pour [partner, mixing_bowl_1, frying_pan]: 19.6760000000016
NullAction [partner]: 41.5
Executing action pour [partner, mixing_bowl_1, frying_pan], 59.07020948097632, 78.13789001453142
Executing action wait [human] 59.07020948097632, 78.13789001453142
human scheduled actions
-partner
	move [partner, frying_pan, stove], 0.0, 16.03006738366836
-human
Previous Distribution
coffee with milk - coffee_with_milk: 0.0
cereal with milk - cereal_with_milk: 0.0
pancake - pancake: 1.0
fried egg - fried_egg: 0.0
scrambled egg - scrambled_egg: 0.0
chocolate milk - chocolate_milk: 0.0
tea - hot_tea: 0.0


Current Distribution
pancake - pancake: 1.0


move [partner, frying_pan, stove]
	pancake - pancake
		[move [partner, frying_pan, stove]]

NullAction [partner]
	pancake - pancake
		[move [human, frying_pan, stove]]

move [partner, frying_pan, stove]: 16.0
NullAction [partner]: 26.0
Executing action move [partner, frying_pan, stove], 78.13789001453142, 96.7743222779027
Executing action wait [human] 78.13789001453142, 96.7743222779027
AdaptiveByFlow scheduling: true, 1, 1, 96.7743222779027, 96.7743222779027
AdaptiveByFlow scheduling: true, time, 655

Agent, Successes, Trials, Average reward, average successful reward
Evaluating solo
Recipe, pancake
[pour [human, milk_bowl, mixing_bowl_1]: 0.25, pour [human, eggs_bowl, mixing_bowl_1]: 0.25, pour [human, flour_bowl, mixing_bowl_1]: 0.25, switch [human, stove]: 0.25]
Executing action pour [human, flour_bowl, mixing_bowl_1], 0.0, 20.01013062688746
[pour [human, mixing_bowl_1, trash]: 0.0, pour [human, milk_bowl, mixing_bowl_1]: 0.3333333333333333, pour [human, eggs_bowl, mixing_bowl_1]: 0.3333333333333333, switch [human, stove]: 0.3333333333333333, reset [human]: 0.0]
Executing action pour [human, milk_bowl, mixing_bowl_1], 20.01013062688746, 35.651063594565976
[pour [human, mixing_bowl_1, trash]: 0.0, pour [human, eggs_bowl, mixing_bowl_1]: 0.5, switch [human, stove]: 0.5, reset [human]: 0.0]
Executing action pour [human, eggs_bowl, mixing_bowl_1], 35.651063594565976, 55.55246475812161
[pour [human, mixing_bowl_1, trash]: 0.0, switch [human, stove]: 0.5, reset [human]: 0.0, mix [human, mixing_bowl_1, whisk]: 0.5]
Executing action switch [human, stove], 55.55246475812161, 58.93049144970456
[pour [human, mixing_bowl_1, trash]: 0.0, reset [human]: 0.0, mix [human, mixing_bowl_1, whisk]: 1.0]
Executing action mix [human, mixing_bowl_1, whisk], 58.93049144970456, 67.42960138069132
[pour [human, mixing_bowl_1, trash]: 0.0, pour [human, mixing_bowl_1, frying_pan]: 1.0, reset [human]: 0.0]
Executing action pour [human, mixing_bowl_1, frying_pan], 67.42960138069132, 80.05654783269468
[pour [human, frying_pan, trash]: 0.0, pour [human, frying_pan, mixing_bowl_1]: 0.0, reset [human]: 0.0, move [human, frying_pan, stove]: 1.0]
Executing action move [human, frying_pan, stove], 80.05654783269468, 106.82194665034469
solo, 1, 1, 106.82194665034469, 106.82194665034469
solo, time, 9
Evaluating Expert
Required 1.87E-6
Recipe, pancake
Human chose switch [human, stove]
Partner chose to wait
Executing action switch [human, stove], 0.0, 3.913374310756253
Executing action wait [partner] 0.0, 3.913374310756253
human scheduled actions
-partner
	pour [partner, milk_bowl, mixing_bowl_1], 0.0, 17.28684456741722
	pour [partner, eggs_bowl, mixing_bowl_1], 17.28684456741722, 33.08572370459108
	pour [partner, flour_bowl, mixing_bowl_1], 33.08572370459108, 50.68515032998671
	mix [partner, mixing_bowl_1, whisk], 50.68515032998671, 55.20233728662535
	wait, 55.20233728662535, 67.31018839988877
	move [partner, frying_pan, stove], 67.31018839988877, 84.09116343801091
-human
	wait, 0.0, 55.20233728662535
	pour [human, mixing_bowl_1, frying_pan], 55.202337286625344, 67.31018839988877
partner scheduled actions
-partner
	pour [partner, milk_bowl, mixing_bowl_1], 0.0, 16.80600978113775
	pour [partner, flour_bowl, mixing_bowl_1], 16.806009781137753, 32.44522266511798
	pour [partner, eggs_bowl, mixing_bowl_1], 32.44522266511798, 49.57206852432933
	mix [partner, mixing_bowl_1, whisk], 49.57206852432933, 53.61453525653725
	wait, 53.61453525653725, 65.41600519288593
	move [partner, frying_pan, stove], 65.41600519288593, 83.50650129634133
-human
	wait, 0.0, 53.61453525653725
	pour [human, mixing_bowl_1, frying_pan], 53.61453525653725, 65.41600519288593
Executing action pour [partner, milk_bowl, mixing_bowl_1], 3.913374310756253, 22.764146150652284
Executing action wait [human] 3.913374310756253, 22.764146150652284
human scheduled actions
-partner
	pour [partner, eggs_bowl, mixing_bowl_1], 0.0, 15.674745188409434
	pour [partner, flour_bowl, mixing_bowl_1], 15.674745188409432, 31.505270016869247
	mix [partner, mixing_bowl_1, whisk], 31.505270016869247, 35.89197847857781
	wait, 35.89197847857781, 48.53615574997426
	move [partner, frying_pan, stove], 48.53615574997426, 65.05951991357156
-human
	wait, 0.0, 35.89197847857781
	pour [human, mixing_bowl_1, frying_pan], 35.89197847857781, 48.53615574997426
partner scheduled actions
-partner
	pour [partner, eggs_bowl, mixing_bowl_1], 0.0, 15.868147169241887
	pour [partner, flour_bowl, mixing_bowl_1], 15.868147169241887, 31.651730701944818
	mix [partner, mixing_bowl_1, whisk], 31.651730701944818, 36.131678358626786
	wait, 36.131678358626786, 47.800330484829516
	move [partner, frying_pan, stove], 47.800330484829516, 66.7706930144932
-human
	wait, 0.0, 36.131678358626786
	pour [human, mixing_bowl_1, frying_pan], 36.131678358626786, 47.800330484829516
Executing action pour [partner, eggs_bowl, mixing_bowl_1], 22.764146150652284, 40.901953075041014
Executing action wait [human] 22.764146150652284, 40.901953075041014
human scheduled actions
-partner
	pour [partner, flour_bowl, mixing_bowl_1], 0.0, 17.025634101531857
	mix [partner, mixing_bowl_1, whisk], 17.025634101531857, 21.223575211340787
	wait, 21.223575211340787, 34.48715033467003
	move [partner, frying_pan, stove], 34.48715033467003, 52.4753710978481
-human
	wait, 0.0, 21.223575211340787
	pour [human, mixing_bowl_1, frying_pan], 21.223575211340787, 34.48715033467003
partner scheduled actions
-partner
	pour [partner, flour_bowl, mixing_bowl_1], 0.0, 15.552992672757759
	mix [partner, mixing_bowl_1, whisk], 15.55299267275776, 19.73607133596094
	wait, 19.73607133596094, 31.024238115473253
	move [partner, frying_pan, stove], 31.024238115473253, 50.9529085304718
-human
	wait, 0.0, 19.73607133596094
	pour [human, mixing_bowl_1, frying_pan], 19.736071335960943, 31.024238115473253
Executing action pour [partner, flour_bowl, mixing_bowl_1], 40.901953075041014, 58.09099123572794
Executing action wait [human] 40.901953075041014, 58.09099123572794
human scheduled actions
-partner
	mix [partner, mixing_bowl_1, whisk], 0.0, 4.013633424738968
	pour [partner, mixing_bowl_1, frying_pan], 4.01363342473897, 20.01829805455627
	move [partner, frying_pan, stove], 20.01829805455627, 37.38419837434491
-human
partner scheduled actions
-partner
	mix [partner, mixing_bowl_1, whisk], 0.0, 4.554051959683874
	wait, 4.554051959683875, 17.45448430668982
	move [partner, frying_pan, stove], 17.45448430668982, 36.28723977917757
-human
	wait, 0.0, 4.554051959683874
	pour [human, mixing_bowl_1, frying_pan], 4.554051959683875, 17.45448430668982
Executing action mix [partner, mixing_bowl_1, whisk], 58.09099123572794, 61.94244813074669
Executing action wait [human] 58.09099123572794, 61.94244813074669
human scheduled actions
-partner
	pour [partner, mixing_bowl_1, frying_pan], 0.0, 15.627177187570785
	move [partner, frying_pan, stove], 15.627177187570783, 31.692299505693903
-human
partner scheduled actions
-partner
	pour [partner, mixing_bowl_1, frying_pan], 0.0, 15.81534993373681
	move [partner, frying_pan, stove], 15.815349933736808, 32.181340810529335
-human
Executing action pour [partner, mixing_bowl_1, frying_pan], 61.94244813074669, 78.71948937845355
Executing action wait [human] 61.94244813074669, 78.71948937845355
human scheduled actions
-partner
	move [partner, frying_pan, stove], 0.0, 16.226758451318958
-human
partner scheduled actions
-partner
	move [partner, frying_pan, stove], 0.0, 16.147388450865304
-human
Executing action move [partner, frying_pan, stove], 78.71948937845355, 95.90710683194183
Executing action wait [human] 78.71948937845355, 95.90710683194183
Expert, 1, 1, 95.90710683194183, 95.90710683194183
Expert, time, 45

Time coffee with milk - 4.814969017
Time cereal with milk - 4.888159394
Time chocolate milk - 4.731185383
Time tea - 22.143826818
Time pancake - 41.835353799
Time scrambled egg - 83.26426933
Time fried egg - 105.498726178
Evaluating AdaptiveByFlow scheduling: true
Required 2.83E-7
Recipe, pancake
Human chose switch [human, stove]
Partner chose to wait
Executing action switch [human, stove], 0.0, 3.4170905105466964
Executing action wait [partner] 0.0, 3.4170905105466964
human scheduled actions
-partner
	pour [partner, eggs_bowl, mixing_bowl_1], 0.0, 17.586538348107155
	pour [partner, flour_bowl, mixing_bowl_1], 17.586538348107155, 34.029772123294784
	pour [partner, milk_bowl, mixing_bowl_1], 34.029772123294784, 51.670920796624
	mix [partner, mixing_bowl_1, whisk], 51.670920796624, 56.070238307953915
	wait, 56.070238307953915, 67.36679057326837
	move [partner, frying_pan, stove], 67.36679057326839, 84.33658930820621
-human
	wait, 0.0, 56.070238307953915
	pour [human, mixing_bowl_1, frying_pan], 56.070238307953915, 67.36679057326837
Previous Distribution
coffee with milk - coffee_with_milk: 0.14285714285714285
cereal with milk - cereal_with_milk: 0.14285714285714285
pancake - pancake: 0.14285714285714285
fried egg - fried_egg: 0.14285714285714285
scrambled egg - scrambled_egg: 0.14285714285714285
chocolate milk - chocolate_milk: 0.14285714285714285
tea - hot_tea: 0.14285714285714285


Update
coffee with milk - coffee_with_milk: 0.0
cereal with milk - cereal_with_milk: 0.0
pancake - pancake: 0.21428571428571427
fried egg - fried_egg: 0.21428571428571427
scrambled egg - scrambled_egg: 0.2857142857142857
chocolate milk - chocolate_milk: 0.0
tea - hot_tea: 0.2857142857142857


Current Distribution
pancake - pancake: 0.21428571428571427
fried egg - fried_egg: 0.21428571428571427
scrambled egg - scrambled_egg: 0.2857142857142857
tea - hot_tea: 0.2857142857142857


pour [partner, eggs_bowl, mixing_bowl_1]
	pancake - pancake
		[pour [partner, eggs_bowl, mixing_bowl_1], pour [partner, flour_bowl, mixing_bowl_1], pour [partner, milk_bowl, mixing_bowl_1], mix [partner, mixing_bowl_1, whisk], pour [partner, mixing_bowl_1, frying_pan], move [human, frying_pan, stove]]
	fried egg - fried_egg
		[pour [partner, eggs_bowl, mixing_bowl_1], pour [human, butter_bowl, frying_pan], pour [partner, mixing_bowl_1, frying_pan], move [partner, frying_pan, stove], mix [partner, frying_pan, whisk]]
	scrambled egg - scrambled_egg
		[pour [partner, eggs_bowl, mixing_bowl_1], pour [partner, olive_oil_bowl, frying_pan], move [partner, frying_pan, stove], move [partner, frying_pan, counter], pour [partner, mixing_bowl_1, frying_pan], mix [partner, frying_pan, whisk], move [human, frying_pan, stove]]
	tea - hot_tea
		[pour [partner, eggs_bowl, mixing_bowl_1], pour [partner, mixing_bowl_1, trash], pour [partner, water_bowl, mixing_bowl_1], pour [human, tea_bowl, mixing_bowl_1], mix [human, mixing_bowl_1, whisk], pour [human, mixing_bowl_1, frying_pan], move [partner, frying_pan, stove]]

pour [partner, olive_oil_bowl, frying_pan]
	pancake - pancake
		[pour [partner, olive_oil_bowl, frying_pan], pour [human, eggs_bowl, mixing_bowl_1], pour [human, flour_bowl, mixing_bowl_1], pour [partner, frying_pan, trash], pour [human, milk_bowl, mixing_bowl_1], mix [human, mixing_bowl_1, whisk], pour [partner, mixing_bowl_1, frying_pan], move [partner, frying_pan, stove]]
	fried egg - fried_egg
		[pour [partner, olive_oil_bowl, frying_pan], pour [human, eggs_bowl, frying_pan], move [human, frying_pan, stove], mix [partner, frying_pan, whisk]]
	scrambled egg - scrambled_egg
		[pour [partner, olive_oil_bowl, frying_pan], move [human, frying_pan, stove], move [human, frying_pan, counter], pour [human, eggs_bowl, frying_pan], mix [partner, frying_pan, whisk], move [human, frying_pan, stove]]
	tea - hot_tea
		[pour [partner, olive_oil_bowl, frying_pan], pour [partner, tea_bowl, mixing_bowl_1], pour [human, water_bowl, mixing_bowl_1], mix [partner, mixing_bowl_1, whisk], pour [partner, frying_pan, trash], pour [human, mixing_bowl_1, frying_pan], move [human, frying_pan, stove]]

pour [partner, butter_bowl, frying_pan]
	pancake - pancake
		[pour [partner, butter_bowl, frying_pan], pour [partner, milk_bowl, mixing_bowl_1], pour [partner, frying_pan, trash], pour [partner, eggs_bowl, mixing_bowl_1], pour [partner, flour_bowl, mixing_bowl_1], mix [human, mixing_bowl_1, whisk], pour [partner, mixing_bowl_1, frying_pan], move [human, frying_pan, stove]]
	fried egg - fried_egg
		[pour [partner, butter_bowl, frying_pan], pour [partner, eggs_bowl, frying_pan], move [partner, frying_pan, stove], mix [partner, frying_pan, whisk]]
	scrambled egg - scrambled_egg
		[pour [partner, butter_bowl, frying_pan], move [partner, frying_pan, stove], move [partner, frying_pan, counter], pour [human, eggs_bowl, frying_pan], mix [partner, frying_pan, whisk], move [human, frying_pan, stove]]
	tea - hot_tea
		[pour [partner, butter_bowl, frying_pan], pour [human, water_bowl, mixing_bowl_1], pour [human, frying_pan, trash], pour [human, tea_bowl, mixing_bowl_1], mix [partner, mixing_bowl_1, whisk], pour [human, mixing_bowl_1, frying_pan], move [human, frying_pan, stove]]

pour [partner, flour_bowl, mixing_bowl_1]
	pancake - pancake
		[pour [partner, flour_bowl, mixing_bowl_1], pour [human, eggs_bowl, mixing_bowl_1], pour [human, milk_bowl, mixing_bowl_1], mix [partner, mixing_bowl_1, whisk], pour [human, mixing_bowl_1, frying_pan], move [human, frying_pan, stove]]
	fried egg - fried_egg
		[pour [partner, flour_bowl, mixing_bowl_1], pour [partner, eggs_bowl, frying_pan], pour [human, olive_oil_bowl, frying_pan], move [human, frying_pan, stove], mix [partner, frying_pan, whisk]]
	scrambled egg - scrambled_egg
		[pour [partner, flour_bowl, mixing_bowl_1], pour [human, olive_oil_bowl, frying_pan], move [human, frying_pan, stove], move [human, frying_pan, counter], pour [partner, eggs_bowl, frying_pan], mix [human, frying_pan, whisk], move [partner, frying_pan, stove]]
	tea - hot_tea
		[pour [partner, flour_bowl, mixing_bowl_1], pour [partner, mixing_bowl_1, trash], pour [partner, tea_bowl, mixing_bowl_1], pour [partner, water_bowl, mixing_bowl_1], mix [human, mixing_bowl_1, whisk], pour [human, mixing_bowl_1, frying_pan], move [partner, frying_pan, stove]]

pour [partner, eggs_bowl, frying_pan]
	pancake - pancake
		[pour [partner, eggs_bowl, frying_pan], pour [partner, frying_pan, mixing_bowl_1], pour [partner, milk_bowl, mixing_bowl_1], pour [partner, flour_bowl, mixing_bowl_1], mix [partner, mixing_bowl_1, whisk], pour [partner, mixing_bowl_1, frying_pan], move [human, frying_pan, stove]]
	fried egg - fried_egg
		[pour [partner, eggs_bowl, frying_pan], pour [partner, olive_oil_bowl, frying_pan], move [human, frying_pan, stove], mix [human, frying_pan, whisk]]
	scrambled egg - scrambled_egg
		[pour [partner, eggs_bowl, frying_pan], pour [partner, frying_pan, mixing_bowl_1], pour [partner, butter_bowl, frying_pan], move [human, frying_pan, stove], move [partner, frying_pan, counter], pour [partner, mixing_bowl_1, frying_pan], mix [partner, frying_pan, whisk], move [human, frying_pan, stove]]
	tea - hot_tea
		[pour [partner, eggs_bowl, frying_pan], pour [human, tea_bowl, mixing_bowl_1], pour [partner, water_bowl, mixing_bowl_1], pour [human, frying_pan, trash], mix [partner, mixing_bowl_1, whisk], pour [human, mixing_bowl_1, frying_pan], move [human, frying_pan, stove]]

pour [partner, tea_bowl, mixing_bowl_1]
	pancake - pancake
		[pour [partner, tea_bowl, mixing_bowl_1], pour [partner, mixing_bowl_1, trash], pour [partner, milk_bowl, mixing_bowl_1], pour [partner, flour_bowl, mixing_bowl_1], pour [partner, eggs_bowl, mixing_bowl_1], mix [partner, mixing_bowl_1, whisk], pour [partner, mixing_bowl_1, frying_pan], move [human, frying_pan, stove]]
	fried egg - fried_egg
		[pour [partner, tea_bowl, mixing_bowl_1], pour [human, butter_bowl, frying_pan], pour [partner, eggs_bowl, frying_pan], move [partner, frying_pan, stove], mix [partner, frying_pan, whisk]]
	scrambled egg - scrambled_egg
		[pour [partner, tea_bowl, mixing_bowl_1], pour [human, olive_oil_bowl, frying_pan], move [human, frying_pan, stove], move [human, frying_pan, counter], pour [human, eggs_bowl, frying_pan], mix [human, frying_pan, whisk], move [partner, frying_pan, stove]]
	tea - hot_tea
		[pour [partner, tea_bowl, mixing_bowl_1], pour [human, water_bowl, mixing_bowl_1], mix [partner, mixing_bowl_1, whisk], pour [partner, mixing_bowl_1, frying_pan], move [partner, frying_pan, stove]]

NullAction [partner]
	pancake - pancake
		[pour [partner, milk_bowl, mixing_bowl_1], pour [human, flour_bowl, mixing_bowl_1], pour [partner, eggs_bowl, mixing_bowl_1], mix [partner, mixing_bowl_1, whisk], pour [human, mixing_bowl_1, frying_pan], move [human, frying_pan, stove]]
	fried egg - fried_egg
		[pour [human, olive_oil_bowl, frying_pan], pour [partner, eggs_bowl, frying_pan], move [human, frying_pan, stove], mix [partner, frying_pan, whisk]]
	scrambled egg - scrambled_egg
		[pour [partner, olive_oil_bowl, frying_pan], move [human, frying_pan, stove], move [partner, frying_pan, counter], pour [human, eggs_bowl, frying_pan], mix [human, frying_pan, whisk], move [human, frying_pan, stove]]
	tea - hot_tea
		[pour [partner, water_bowl, mixing_bowl_1], pour [partner, tea_bowl, mixing_bowl_1], mix [partner, mixing_bowl_1, whisk], pour [human, mixing_bowl_1, frying_pan], move [partner, frying_pan, stove]]

pour [partner, milk_bowl, mixing_bowl_1]
	pancake - pancake
		[pour [partner, milk_bowl, mixing_bowl_1], pour [human, eggs_bowl, mixing_bowl_1], pour [partner, flour_bowl, mixing_bowl_1], mix [human, mixing_bowl_1, whisk], pour [partner, mixing_bowl_1, frying_pan], move [partner, frying_pan, stove]]
	fried egg - fried_egg
		[pour [partner, milk_bowl, mixing_bowl_1], pour [human, butter_bowl, frying_pan], pour [partner, eggs_bowl, frying_pan], move [partner, frying_pan, stove], mix [human, frying_pan, whisk]]
	scrambled egg - scrambled_egg
		[pour [partner, milk_bowl, mixing_bowl_1], pour [human, olive_oil_bowl, frying_pan], move [partner, frying_pan, stove], move [human, frying_pan, counter], pour [human, eggs_bowl, frying_pan], mix [partner, frying_pan, whisk], move [human, frying_pan, stove]]
	tea - hot_tea
		[pour [partner, milk_bowl, mixing_bowl_1], pour [partner, mixing_bowl_1, trash], pour [partner, tea_bowl, mixing_bowl_1], pour [human, water_bowl, mixing_bowl_1], mix [human, mixing_bowl_1, whisk], pour [human, mixing_bowl_1, frying_pan], move [human, frying_pan, stove]]

pour [partner, water_bowl, mixing_bowl_1]
	pancake - pancake
		[pour [partner, water_bowl, mixing_bowl_1], pour [partner, mixing_bowl_1, trash], pour [human, milk_bowl, mixing_bowl_1], pour [partner, eggs_bowl, mixing_bowl_1], pour [partner, flour_bowl, mixing_bowl_1], mix [partner, mixing_bowl_1, whisk], pour [partner, mixing_bowl_1, frying_pan], move [human, frying_pan, stove]]
	fried egg - fried_egg
		[pour [partner, water_bowl, mixing_bowl_1], pour [partner, olive_oil_bowl, frying_pan], pour [human, eggs_bowl, frying_pan], move [human, frying_pan, stove], mix [human, frying_pan, whisk]]
	scrambled egg - scrambled_egg
		[pour [partner, water_bowl, mixing_bowl_1], pour [human, olive_oil_bowl, frying_pan], move [human, frying_pan, stove], move [human, frying_pan, counter], pour [human, eggs_bowl, frying_pan], mix [partner, frying_pan, whisk], move [human, frying_pan, stove]]
	tea - hot_tea
		[pour [partner, water_bowl, mixing_bowl_1], pour [partner, tea_bowl, mixing_bowl_1], mix [human, mixing_bowl_1, whisk], pour [human, mixing_bowl_1, frying_pan], move [human, frying_pan, stove]]

pour [partner, flour_bowl, mixing_bowl_1]: 81.48388858482282
pour [partner, eggs_bowl, mixing_bowl_1]: 80.15531715625032
pour [partner, olive_oil_bowl, frying_pan]: 79.58031894407803
pour [partner, eggs_bowl, frying_pan]: 85.05106545557118
pour [partner, butter_bowl, frying_pan]: 80.90889037265053
pour [partner, tea_bowl, mixing_bowl_1]: 82.64788858482235
pour [partner, milk_bowl, mixing_bowl_1]: 86.19074572768058
pour [partner, water_bowl, mixing_bowl_1]: 79.2696028705371
NullAction [partner]: 76.20531715625246
Partner chose to wait
human scheduled actions
-partner
	pour [partner, flour_bowl, mixing_bowl_1], 0.0, 16.0005372366898
	pour [partner, eggs_bowl, mixing_bowl_1], 16.0005372366898, 32.033141449070726
	wait, 32.033141449070726, 47.3551855297848
	mix [partner, mixing_bowl_1, whisk], 47.3551855297848, 51.73185032275392
	wait, 51.73185032275392, 63.2675109200359
	move [partner, frying_pan, stove], 63.2675109200359, 82.06346618318837
-human
	wait, 0.0, 32.033141449070726
	pour [human, milk_bowl, mixing_bowl_1], 32.033141449070726, 47.3551855297848
	wait, 47.3551855297848, 51.73185032275392
	pour [human, mixing_bowl_1, frying_pan], 51.73185032275392, 63.2675109200359
Previous Distribution
coffee with milk - coffee_with_milk: 0.0
cereal with milk - cereal_with_milk: 0.0
pancake - pancake: 0.21428571428571427
fried egg - fried_egg: 0.21428571428571427
scrambled egg - scrambled_egg: 0.2857142857142857
chocolate milk - chocolate_milk: 0.0
tea - hot_tea: 0.2857142857142857


Current Distribution
pancake - pancake: 0.21428571428571427
fried egg - fried_egg: 0.21428571428571427
scrambled egg - scrambled_egg: 0.2857142857142857
tea - hot_tea: 0.2857142857142857


pour [partner, eggs_bowl, mixing_bowl_1]
	pancake - pancake
		[pour [partner, eggs_bowl, mixing_bowl_1], pour [partner, flour_bowl, mixing_bowl_1], pour [partner, milk_bowl, mixing_bowl_1], mix [partner, mixing_bowl_1, whisk], pour [human, mixing_bowl_1, frying_pan], move [human, frying_pan, stove]]
	fried egg - fried_egg
		[pour [partner, eggs_bowl, mixing_bowl_1], pour [partner, butter_bowl, frying_pan], pour [human, mixing_bowl_1, frying_pan], move [partner, frying_pan, stove], mix [human, frying_pan, whisk]]
	scrambled egg - scrambled_egg
		[pour [partner, eggs_bowl, mixing_bowl_1], pour [human, butter_bowl, frying_pan], move [human, frying_pan, stove], move [partner, frying_pan, counter], pour [partner, mixing_bowl_1, frying_pan], mix [partner, frying_pan, whisk], move [human, frying_pan, stove]]
	tea - hot_tea
		[pour [partner, eggs_bowl, mixing_bowl_1], pour [partner, mixing_bowl_1, trash], pour [partner, tea_bowl, mixing_bowl_1], pour [partner, water_bowl, mixing_bowl_1], mix [human, mixing_bowl_1, whisk], pour [partner, mixing_bowl_1, frying_pan], move [partner, frying_pan, stove]]

pour [partner, olive_oil_bowl, frying_pan]
	pancake - pancake
		[pour [partner, olive_oil_bowl, frying_pan], pour [partner, eggs_bowl, mixing_bowl_1], pour [human, flour_bowl, mixing_bowl_1], pour [human, frying_pan, trash], pour [human, milk_bowl, mixing_bowl_1], mix [human, mixing_bowl_1, whisk], pour [human, mixing_bowl_1, frying_pan], move [human, frying_pan, stove]]
	fried egg - fried_egg
		[pour [partner, olive_oil_bowl, frying_pan], pour [partner, eggs_bowl, frying_pan], move [partner, frying_pan, stove], mix [partner, frying_pan, whisk]]
	scrambled egg - scrambled_egg
		[pour [partner, olive_oil_bowl, frying_pan], move [partner, frying_pan, stove], move [partner, frying_pan, counter], pour [partner, eggs_bowl, frying_pan], mix [human, frying_pan, whisk], move [human, frying_pan, stove]]
	tea - hot_tea
		[pour [partner, olive_oil_bowl, frying_pan], pour [partner, water_bowl, mixing_bowl_1], pour [human, frying_pan, trash], pour [human, tea_bowl, mixing_bowl_1], mix [partner, mixing_bowl_1, whisk], pour [partner, mixing_bowl_1, frying_pan], move [partner, frying_pan, stove]]

pour [partner, flour_bowl, mixing_bowl_1]
	pancake - pancake
		[pour [partner, flour_bowl, mixing_bowl_1], pour [human, milk_bowl, mixing_bowl_1], pour [human, eggs_bowl, mixing_bowl_1], mix [human, mixing_bowl_1, whisk], pour [human, mixing_bowl_1, frying_pan], move [human, frying_pan, stove]]
	fried egg - fried_egg
		[pour [partner, flour_bowl, mixing_bowl_1], pour [partner, eggs_bowl, frying_pan], pour [partner, butter_bowl, frying_pan], move [partner, frying_pan, stove], mix [partner, frying_pan, whisk]]
	scrambled egg - scrambled_egg
		[pour [partner, flour_bowl, mixing_bowl_1], pour [human, butter_bowl, frying_pan], move [human, frying_pan, stove], move [partner, frying_pan, counter], pour [human, eggs_bowl, frying_pan], mix [human, frying_pan, whisk], move [human, frying_pan, stove]]
	tea - hot_tea
		[pour [partner, flour_bowl, mixing_bowl_1], pour [partner, mixing_bowl_1, trash], pour [partner, tea_bowl, mixing_bowl_1], pour [partner, water_bowl, mixing_bowl_1], mix [partner, mixing_bowl_1, whisk], pour [human, mixing_bowl_1, frying_pan], move [partner, frying_pan, stove]]

pour [partner, eggs_bowl, frying_pan]
	pancake - pancake
		[pour [partner, eggs_bowl, frying_pan], pour [partner, frying_pan, mixing_bowl_1], pour [human, flour_bowl, mixing_bowl_1], pour [human, milk_bowl, mixing_bowl_1], mix [human, mixing_bowl_1, whisk], pour [partner, mixing_bowl_1, frying_pan], move [partner, frying_pan, stove]]
	fried egg - fried_egg
		[pour [partner, eggs_bowl, frying_pan], pour [partner, olive_oil_bowl, frying_pan], move [partner, frying_pan, stove], mix [human, frying_pan, whisk]]
	scrambled egg - scrambled_egg
		[pour [partner, eggs_bowl, frying_pan], pour [human, frying_pan, mixing_bowl_1], pour [human, butter_bowl, frying_pan], move [partner, frying_pan, stove], move [human, frying_pan, counter], pour [partner, mixing_bowl_1, frying_pan], mix [human, frying_pan, whisk], move [partner, frying_pan, stove]]
	tea - hot_tea
		[pour [partner, eggs_bowl, frying_pan], pour [human, frying_pan, trash], pour [partner, water_bowl, mixing_bowl_1], pour [human, tea_bowl, mixing_bowl_1], mix [human, mixing_bowl_1, whisk], pour [partner, mixing_bowl_1, frying_pan], move [human, frying_pan, stove]]

pour [partner, butter_bowl, frying_pan]
	pancake - pancake
		[pour [partner, butter_bowl, frying_pan], pour [partner, milk_bowl, mixing_bowl_1], pour [human, flour_bowl, mixing_bowl_1], pour [partner, frying_pan, trash], pour [partner, eggs_bowl, mixing_bowl_1], mix [human, mixing_bowl_1, whisk], pour [partner, mixing_bowl_1, frying_pan], move [partner, frying_pan, stove]]
	fried egg - fried_egg
		[pour [partner, butter_bowl, frying_pan], pour [partner, eggs_bowl, frying_pan], move [human, frying_pan, stove], mix [human, frying_pan, whisk]]
	scrambled egg - scrambled_egg
		[pour [partner, butter_bowl, frying_pan], move [human, frying_pan, stove], move [partner, frying_pan, counter], pour [partner, eggs_bowl, frying_pan], mix [partner, frying_pan, whisk], move [human, frying_pan, stove]]
	tea - hot_tea
		[pour [partner, butter_bowl, frying_pan], pour [partner, frying_pan, trash], pour [partner, tea_bowl, mixing_bowl_1], pour [human, water_bowl, mixing_bowl_1], mix [human, mixing_bowl_1, whisk], pour [partner, mixing_bowl_1, frying_pan], move [partner, frying_pan, stove]]

pour [partner, water_bowl, mixing_bowl_1]
	pancake - pancake
		[pour [partner, water_bowl, mixing_bowl_1], pour [human, mixing_bowl_1, trash], pour [partner, eggs_bowl, mixing_bowl_1], pour [partner, milk_bowl, mixing_bowl_1], pour [human, flour_bowl, mixing_bowl_1], mix [human, mixing_bowl_1, whisk], pour [partner, mixing_bowl_1, frying_pan], move [human, frying_pan, stove]]
	fried egg - fried_egg
		[pour [partner, water_bowl, mixing_bowl_1], pour [partner, butter_bowl, frying_pan], pour [partner, eggs_bowl, frying_pan], move [human, frying_pan, stove], mix [partner, frying_pan, whisk]]
	scrambled egg - scrambled_egg
		[pour [partner, water_bowl, mixing_bowl_1], pour [human, butter_bowl, frying_pan], move [partner, frying_pan, stove], move [partner, frying_pan, counter], pour [human, eggs_bowl, frying_pan], mix [partner, frying_pan, whisk], move [human, frying_pan, stove]]
	tea - hot_tea
		[pour [partner, water_bowl, mixing_bowl_1], pour [partner, tea_bowl, mixing_bowl_1], mix [human, mixing_bowl_1, whisk], pour [human, mixing_bowl_1, frying_pan], move [human, frying_pan, stove]]

pour [partner, tea_bowl, mixing_bowl_1]
	pancake - pancake
		[pour [partner, tea_bowl, mixing_bowl_1], pour [human, mixing_bowl_1, trash], pour [partner, eggs_bowl, mixing_bowl_1], pour [partner, milk_bowl, mixing_bowl_1], pour [human, flour_bowl, mixing_bowl_1], mix [partner, mixing_bowl_1, whisk], pour [human, mixing_bowl_1, frying_pan], move [human, frying_pan, stove]]
	fried egg - fried_egg
		[pour [partner, tea_bowl, mixing_bowl_1], pour [partner, eggs_bowl, frying_pan], pour [human, butter_bowl, frying_pan], move [partner, frying_pan, stove], mix [human, frying_pan, whisk]]
	scrambled egg - scrambled_egg
		[pour [partner, tea_bowl, mixing_bowl_1], pour [partner, butter_bowl, frying_pan], move [partner, frying_pan, stove], move [partner, frying_pan, counter], pour [human, eggs_bowl, frying_pan], mix [partner, frying_pan, whisk], move [partner, frying_pan, stove]]
	tea - hot_tea
		[pour [partner, tea_bowl, mixing_bowl_1], pour [partner, water_bowl, mixing_bowl_1], mix [partner, mixing_bowl_1, whisk], pour [human, mixing_bowl_1, frying_pan], move [human, frying_pan, stove]]

pour [partner, milk_bowl, mixing_bowl_1]
	pancake - pancake
		[pour [partner, milk_bowl, mixing_bowl_1], pour [partner, eggs_bowl, mixing_bowl_1], pour [partner, flour_bowl, mixing_bowl_1], mix [partner, mixing_bowl_1, whisk], pour [human, mixing_bowl_1, frying_pan], move [human, frying_pan, stove]]
	fried egg - fried_egg
		[pour [partner, milk_bowl, mixing_bowl_1], pour [human, eggs_bowl, frying_pan], move [human, frying_pan, stove], pour [human, butter_bowl, frying_pan], move [partner, frying_pan, counter], pour [human, frying_pan, trash], pour [human, mixing_bowl_1, trash], pour [human, butter_bowl, frying_pan], move [human, frying_pan, stove], move [human, frying_pan, counter], move [human, frying_pan, stove], move [human, frying_pan, counter], pour [human, frying_pan, mixing_bowl_1], reset [human], pour [partner, eggs_bowl, frying_pan], switch [human, stove], pour [human, olive_oil_bowl, frying_pan], move [partner, frying_pan, stove], mix [partner, frying_pan, whisk]]
	scrambled egg - scrambled_egg
		[pour [partner, milk_bowl, mixing_bowl_1], pour [human, olive_oil_bowl, frying_pan], move [partner, frying_pan, stove], move [human, frying_pan, counter], pour [partner, eggs_bowl, frying_pan], mix [human, frying_pan, whisk], move [partner, frying_pan, stove]]
	tea - hot_tea
		[pour [partner, milk_bowl, mixing_bowl_1], pour [partner, mixing_bowl_1, trash], pour [partner, tea_bowl, mixing_bowl_1], pour [partner, water_bowl, mixing_bowl_1], mix [human, mixing_bowl_1, whisk], pour [partner, mixing_bowl_1, frying_pan], move [human, frying_pan, stove]]

NullAction [partner]
	pancake - pancake
		[pour [human, milk_bowl, mixing_bowl_1], pour [human, eggs_bowl, mixing_bowl_1], pour [human, flour_bowl, mixing_bowl_1], mix [partner, mixing_bowl_1, whisk], pour [human, mixing_bowl_1, frying_pan], move [human, frying_pan, stove]]
	fried egg - fried_egg
		[pour [partner, eggs_bowl, frying_pan], pour [human, olive_oil_bowl, frying_pan], move [partner, frying_pan, stove], mix [partner, frying_pan, whisk]]
	scrambled egg - scrambled_egg
		[pour [partner, olive_oil_bowl, frying_pan], move [human, frying_pan, stove], move [partner, frying_pan, counter], pour [human, eggs_bowl, frying_pan], mix [partner, frying_pan, whisk], move [human, frying_pan, stove]]
	tea - hot_tea
		[pour [partner, tea_bowl, mixing_bowl_1], pour [human, water_bowl, mixing_bowl_1], mix [partner, mixing_bowl_1, whisk], pour [partner, mixing_bowl_1, frying_pan], move [partner, frying_pan, stove]]

pour [partner, flour_bowl, mixing_bowl_1]: 81.48388858482282
pour [partner, eggs_bowl, mixing_bowl_1]: 80.15531715625032
pour [partner, olive_oil_bowl, frying_pan]: 79.58031894407803
pour [partner, eggs_bowl, frying_pan]: 86.37963688414368
pour [partner, butter_bowl, frying_pan]: 75.1517475155066
pour [partner, tea_bowl, mixing_bowl_1]: 82.64788858482235
pour [partner, milk_bowl, mixing_bowl_1]: 119.5839621908768
pour [partner, water_bowl, mixing_bowl_1]: 79.2696028705371
NullAction [partner]: 74.87674572767996
Partner chose to wait
human scheduled actions
-partner
	pour [partner, eggs_bowl, mixing_bowl_1], 0.0, 15.540806727857596
	pour [partner, flour_bowl, mixing_bowl_1], 15.540806727857593, 32.18340762879761
	pour [partner, milk_bowl, mixing_bowl_1], 32.18340762879761, 49.503356013036516
	mix [partner, mixing_bowl_1, whisk], 49.503356013036516, 53.872156242938146
	wait, 53.872156242938146, 65.60222726782416
	move [partner, frying_pan, stove], 65.60222726782416, 82.73559135580803
-human
	wait, 0.0, 53.872156242938146
	pour [human, mixing_bowl_1, frying_pan], 53.87215624293814, 65.60222726782416
Previous Distribution
coffee with milk - coffee_with_milk: 0.0
cereal with milk - cereal_with_milk: 0.0
pancake - pancake: 0.21428571428571427
fried egg - fried_egg: 0.21428571428571427
scrambled egg - scrambled_egg: 0.2857142857142857
chocolate milk - chocolate_milk: 0.0
tea - hot_tea: 0.2857142857142857


Current Distribution
pancake - pancake: 0.21428571428571427
fried egg - fried_egg: 0.21428571428571427
scrambled egg - scrambled_egg: 0.2857142857142857
tea - hot_tea: 0.2857142857142857


pour [partner, olive_oil_bowl, frying_pan]
	pancake - pancake
		[pour [partner, olive_oil_bowl, frying_pan], pour [human, milk_bowl, mixing_bowl_1], pour [human, eggs_bowl, mixing_bowl_1], pour [partner, flour_bowl, mixing_bowl_1], mix [partner, mixing_bowl_1, whisk], pour [human, frying_pan, trash], pour [partner, mixing_bowl_1, frying_pan], move [human, frying_pan, stove]]
	fried egg - fried_egg
		[pour [partner, olive_oil_bowl, frying_pan], pour [human, eggs_bowl, frying_pan], move [partner, frying_pan, stove], mix [human, frying_pan, whisk]]
	scrambled egg - scrambled_egg
		[pour [partner, olive_oil_bowl, frying_pan], move [partner, frying_pan, stove], move [human, frying_pan, counter], pour [human, eggs_bowl, frying_pan], mix [human, frying_pan, whisk], move [human, frying_pan, stove]]
	tea - hot_tea
		[pour [partner, olive_oil_bowl, frying_pan], pour [partner, water_bowl, mixing_bowl_1], pour [partner, tea_bowl, mixing_bowl_1], pour [human, frying_pan, trash], mix [human, mixing_bowl_1, whisk], pour [human, mixing_bowl_1, frying_pan], move [partner, frying_pan, stove]]

pour [partner, eggs_bowl, mixing_bowl_1]
	pancake - pancake
		[pour [partner, eggs_bowl, mixing_bowl_1], pour [partner, flour_bowl, mixing_bowl_1], pour [partner, milk_bowl, mixing_bowl_1], mix [human, mixing_bowl_1, whisk], pour [partner, mixing_bowl_1, frying_pan], move [partner, frying_pan, stove]]
	fried egg - fried_egg
		[pour [partner, eggs_bowl, mixing_bowl_1], pour [human, mixing_bowl_1, frying_pan], pour [partner, butter_bowl, frying_pan], move [human, frying_pan, stove], mix [human, frying_pan, whisk]]
	scrambled egg - scrambled_egg
		[pour [partner, eggs_bowl, mixing_bowl_1], pour [partner, olive_oil_bowl, frying_pan], move [human, frying_pan, stove], move [partner, frying_pan, counter], pour [human, mixing_bowl_1, frying_pan], mix [human, frying_pan, whisk], move [human, frying_pan, stove]]
	tea - hot_tea
		[pour [partner, eggs_bowl, mixing_bowl_1], pour [human, mixing_bowl_1, trash], pour [partner, tea_bowl, mixing_bowl_1], pour [partner, water_bowl, mixing_bowl_1], mix [partner, mixing_bowl_1, whisk], pour [human, mixing_bowl_1, frying_pan], move [human, frying_pan, stove]]

pour [partner, flour_bowl, mixing_bowl_1]
	pancake - pancake
		[pour [partner, flour_bowl, mixing_bowl_1], pour [partner, milk_bowl, mixing_bowl_1], pour [partner, eggs_bowl, mixing_bowl_1], mix [human, mixing_bowl_1, whisk], pour [partner, mixing_bowl_1, frying_pan], move [human, frying_pan, stove]]
	fried egg - fried_egg
		[pour [partner, flour_bowl, mixing_bowl_1], pour [partner, olive_oil_bowl, frying_pan], pour [partner, eggs_bowl, frying_pan], move [partner, frying_pan, stove], mix [partner, frying_pan, whisk]]
	scrambled egg - scrambled_egg
		[pour [partner, flour_bowl, mixing_bowl_1], pour [partner, butter_bowl, frying_pan], move [partner, frying_pan, stove], move [partner, frying_pan, counter], pour [partner, eggs_bowl, frying_pan], mix [human, frying_pan, whisk], move [human, frying_pan, stove]]
	tea - hot_tea
		[pour [partner, flour_bowl, mixing_bowl_1], pour [human, mixing_bowl_1, trash], pour [human, water_bowl, mixing_bowl_1], pour [human, tea_bowl, mixing_bowl_1], mix [partner, mixing_bowl_1, whisk], pour [human, mixing_bowl_1, frying_pan], move [human, frying_pan, stove]]

pour [partner, eggs_bowl, frying_pan]
	pancake - pancake
		[pour [partner, eggs_bowl, frying_pan], pour [partner, frying_pan, mixing_bowl_1], pour [partner, flour_bowl, mixing_bowl_1], pour [partner, milk_bowl, mixing_bowl_1], mix [human, mixing_bowl_1, whisk], pour [human, mixing_bowl_1, frying_pan], move [human, frying_pan, stove]]
	fried egg - fried_egg
		[pour [partner, eggs_bowl, frying_pan], pour [partner, butter_bowl, frying_pan], move [partner, frying_pan, stove], mix [partner, frying_pan, whisk]]
	scrambled egg - scrambled_egg
		[pour [partner, eggs_bowl, frying_pan], pour [partner, frying_pan, mixing_bowl_1], pour [partner, olive_oil_bowl, frying_pan], move [human, frying_pan, stove], move [human, frying_pan, counter], pour [human, mixing_bowl_1, frying_pan], mix [human, frying_pan, whisk], move [partner, frying_pan, stove]]
	tea - hot_tea
		[pour [partner, eggs_bowl, frying_pan], pour [partner, frying_pan, trash], pour [partner, water_bowl, mixing_bowl_1], pour [partner, tea_bowl, mixing_bowl_1], mix [partner, mixing_bowl_1, whisk], pour [human, mixing_bowl_1, frying_pan], move [partner, frying_pan, stove]]

pour [partner, butter_bowl, frying_pan]
	pancake - pancake
		[pour [partner, butter_bowl, frying_pan], pour [human, eggs_bowl, mixing_bowl_1], pour [partner, flour_bowl, mixing_bowl_1], pour [human, milk_bowl, mixing_bowl_1], pour [partner, frying_pan, trash], mix [partner, mixing_bowl_1, whisk], pour [partner, mixing_bowl_1, frying_pan], move [human, frying_pan, stove]]
	fried egg - fried_egg
		[pour [partner, butter_bowl, frying_pan], pour [human, eggs_bowl, frying_pan], move [human, frying_pan, stove], mix [human, frying_pan, whisk]]
	scrambled egg - scrambled_egg
		[pour [partner, butter_bowl, frying_pan], move [partner, frying_pan, stove], move [partner, frying_pan, counter], pour [partner, eggs_bowl, frying_pan], mix [human, frying_pan, whisk], move [partner, frying_pan, stove]]
	tea - hot_tea
		[pour [partner, butter_bowl, frying_pan], pour [human, water_bowl, mixing_bowl_1], pour [human, tea_bowl, mixing_bowl_1], mix [partner, mixing_bowl_1, whisk], pour [human, frying_pan, trash], pour [human, mixing_bowl_1, frying_pan], move [human, frying_pan, stove]]

pour [partner, water_bowl, mixing_bowl_1]
	pancake - pancake
		[pour [partner, water_bowl, mixing_bowl_1], pour [partner, mixing_bowl_1, trash], pour [partner, flour_bowl, mixing_bowl_1], pour [partner, eggs_bowl, mixing_bowl_1], pour [human, milk_bowl, mixing_bowl_1], mix [partner, mixing_bowl_1, whisk], pour [human, mixing_bowl_1, frying_pan], move [human, frying_pan, stove]]
	fried egg - fried_egg
		[pour [partner, water_bowl, mixing_bowl_1], pour [human, eggs_bowl, frying_pan], pour [human, olive_oil_bowl, frying_pan], move [partner, frying_pan, stove], mix [human, frying_pan, whisk]]
	scrambled egg - scrambled_egg
		[pour [partner, water_bowl, mixing_bowl_1], pour [partner, olive_oil_bowl, frying_pan], move [human, frying_pan, stove], move [human, frying_pan, counter], pour [human, eggs_bowl, frying_pan], mix [human, frying_pan, whisk], move [human, frying_pan, stove]]
	tea - hot_tea
		[pour [partner, water_bowl, mixing_bowl_1], pour [human, tea_bowl, mixing_bowl_1], mix [human, mixing_bowl_1, whisk], pour [human, mixing_bowl_1, frying_pan], move [human, frying_pan, stove]]

pour [partner, milk_bowl, mixing_bowl_1]
	pancake - pancake
		[pour [partner, milk_bowl, mixing_bowl_1], pour [human, flour_bowl, mixing_bowl_1], pour [human, eggs_bowl, mixing_bowl_1], mix [human, mixing_bowl_1, whisk], pour [human, mixing_bowl_1, frying_pan], move [human, frying_pan, stove]]
	fried egg - fried_egg
		[pour [partner, milk_bowl, mixing_bowl_1], pour [partner, olive_oil_bowl, frying_pan], pour [partner, eggs_bowl, frying_pan], move [human, frying_pan, stove], mix [human, frying_pan, whisk]]
	scrambled egg - scrambled_egg
		[pour [partner, milk_bowl, mixing_bowl_1], pour [partner, olive_oil_bowl, frying_pan], move [human, frying_pan, stove], move [human, frying_pan, counter], pour [human, eggs_bowl, frying_pan], mix [human, frying_pan, whisk], move [partner, frying_pan, stove]]
	tea - hot_tea
		[pour [partner, milk_bowl, mixing_bowl_1], pour [partner, mixing_bowl_1, trash], pour [partner, tea_bowl, mixing_bowl_1], pour [partner, water_bowl, mixing_bowl_1], mix [human, mixing_bowl_1, whisk], pour [partner, mixing_bowl_1, frying_pan], move [partner, frying_pan, stove]]

pour [partner, tea_bowl, mixing_bowl_1]
	pancake - pancake
		[pour [partner, tea_bowl, mixing_bowl_1], pour [human, mixing_bowl_1, trash], pour [human, eggs_bowl, mixing_bowl_1], pour [human, milk_bowl, mixing_bowl_1], pour [human, flour_bowl, mixing_bowl_1], mix [human, mixing_bowl_1, whisk], pour [human, mixing_bowl_1, frying_pan], move [partner, frying_pan, stove]]
	fried egg - fried_egg
		[pour [partner, tea_bowl, mixing_bowl_1], pour [partner, olive_oil_bowl, frying_pan], pour [human, eggs_bowl, frying_pan], move [partner, frying_pan, stove], mix [human, frying_pan, whisk]]
	scrambled egg - scrambled_egg
		[pour [partner, tea_bowl, mixing_bowl_1], pour [partner, butter_bowl, frying_pan], move [human, frying_pan, stove], move [human, frying_pan, counter], pour [partner, eggs_bowl, frying_pan], mix [partner, frying_pan, whisk], move [partner, frying_pan, stove]]
	tea - hot_tea
		[pour [partner, tea_bowl, mixing_bowl_1], pour [human, water_bowl, mixing_bowl_1], mix [human, mixing_bowl_1, whisk], pour [partner, mixing_bowl_1, frying_pan], move [human, frying_pan, stove]]

NullAction [partner]
	pancake - pancake
		[pour [partner, eggs_bowl, mixing_bowl_1], pour [human, flour_bowl, mixing_bowl_1], pour [human, milk_bowl, mixing_bowl_1], mix [partner, mixing_bowl_1, whisk], pour [partner, mixing_bowl_1, frying_pan], move [human, frying_pan, stove]]
	fried egg - fried_egg
		[pour [partner, eggs_bowl, frying_pan], pour [human, olive_oil_bowl, frying_pan], move [partner, frying_pan, stove], mix [human, frying_pan, whisk]]
	scrambled egg - scrambled_egg
		[pour [human, butter_bowl, frying_pan], move [human, frying_pan, stove], move [partner, frying_pan, counter], pour [partner, eggs_bowl, frying_pan], mix [partner, frying_pan, whisk], move [human, frying_pan, stove]]
	tea - hot_tea
		[pour [human, tea_bowl, mixing_bowl_1], pour [human, water_bowl, mixing_bowl_1], mix [human, mixing_bowl_1, whisk], pour [partner, mixing_bowl_1, frying_pan], move [partner, frying_pan, stove]]

pour [partner, flour_bowl, mixing_bowl_1]: 81.48388858482282
pour [partner, eggs_bowl, mixing_bowl_1]: 80.15531715625032
pour [partner, olive_oil_bowl, frying_pan]: 79.58031894407803
pour [partner, eggs_bowl, frying_pan]: 86.37963688414368
pour [partner, butter_bowl, frying_pan]: 79.58031894407803
pour [partner, tea_bowl, mixing_bowl_1]: 82.64788858482235
pour [partner, milk_bowl, mixing_bowl_1]: 86.19074572768058
pour [partner, water_bowl, mixing_bowl_1]: 78.87266409502715
NullAction [partner]: 74.87674572767996
Partner chose to wait
human scheduled actions
-partner
	pour [partner, eggs_bowl, mixing_bowl_1], 0.0, 17.976590226342083
	pour [partner, flour_bowl, mixing_bowl_1], 17.976590226342083, 34.46810994299999
	pour [partner, milk_bowl, mixing_bowl_1], 34.46810994299999, 50.89219725966048
	mix [partner, mixing_bowl_1, whisk], 50.89219725966048, 55.36281445066468
	wait, 55.36281445066468, 67.9518450170892
	move [partner, frying_pan, stove], 67.9518450170892, 84.04704372835029
-human
	wait, 0.0, 55.36281445066468
	pour [human, mixing_bowl_1, frying_pan], 55.362814450664686, 67.9518450170892
Previous Distribution
coffee with milk - coffee_with_milk: 0.0
cereal with milk - cereal_with_milk: 0.0
pancake - pancake: 0.21428571428571427
fried egg - fried_egg: 0.21428571428571427
scrambled egg - scrambled_egg: 0.2857142857142857
chocolate milk - chocolate_milk: 0.0
tea - hot_tea: 0.2857142857142857


Current Distribution
pancake - pancake: 0.21428571428571427
fried egg - fried_egg: 0.21428571428571427
scrambled egg - scrambled_egg: 0.2857142857142857
tea - hot_tea: 0.2857142857142857


pour [partner, olive_oil_bowl, frying_pan]
	pancake - pancake
		[pour [partner, olive_oil_bowl, frying_pan], pour [human, eggs_bowl, mixing_bowl_1], pour [human, milk_bowl, mixing_bowl_1], pour [partner, flour_bowl, mixing_bowl_1], pour [partner, frying_pan, trash], mix [human, mixing_bowl_1, whisk], pour [partner, mixing_bowl_1, frying_pan], move [partner, frying_pan, stove]]
	fried egg - fried_egg
		[pour [partner, olive_oil_bowl, frying_pan], pour [partner, eggs_bowl, frying_pan], move [human, frying_pan, stove], mix [partner, frying_pan, whisk]]
	scrambled egg - scrambled_egg
		[pour [partner, olive_oil_bowl, frying_pan], move [human, frying_pan, stove], move [human, frying_pan, counter], pour [human, eggs_bowl, frying_pan], mix [human, frying_pan, whisk], move [human, frying_pan, stove]]
	tea - hot_tea
		[pour [partner, olive_oil_bowl, frying_pan], pour [partner, frying_pan, trash], pour [human, tea_bowl, mixing_bowl_1], pour [human, water_bowl, mixing_bowl_1], mix [partner, mixing_bowl_1, whisk], pour [partner, mixing_bowl_1, frying_pan], move [partner, frying_pan, stove]]

pour [partner, eggs_bowl, mixing_bowl_1]
	pancake - pancake
		[pour [partner, eggs_bowl, mixing_bowl_1], pour [partner, milk_bowl, mixing_bowl_1], pour [human, flour_bowl, mixing_bowl_1], mix [human, mixing_bowl_1, whisk], pour [partner, mixing_bowl_1, frying_pan], move [partner, frying_pan, stove]]
	fried egg - fried_egg
		[pour [partner, eggs_bowl, mixing_bowl_1], pour [human, butter_bowl, frying_pan], pour [human, mixing_bowl_1, frying_pan], move [partner, frying_pan, stove], mix [human, frying_pan, whisk]]
	scrambled egg - scrambled_egg
		[pour [partner, eggs_bowl, mixing_bowl_1], pour [human, butter_bowl, frying_pan], move [partner, frying_pan, stove], move [human, frying_pan, counter], pour [human, mixing_bowl_1, frying_pan], mix [human, frying_pan, whisk], move [human, frying_pan, stove]]
	tea - hot_tea
		[pour [partner, eggs_bowl, mixing_bowl_1], pour [partner, mixing_bowl_1, trash], pour [human, tea_bowl, mixing_bowl_1], pour [partner, water_bowl, mixing_bowl_1], mix [partner, mixing_bowl_1, whisk], pour [partner, mixing_bowl_1, frying_pan], move [partner, frying_pan, stove]]

pour [partner, flour_bowl, mixing_bowl_1]
	pancake - pancake
		[pour [partner, flour_bowl, mixing_bowl_1], pour [partner, eggs_bowl, mixing_bowl_1], pour [human, milk_bowl, mixing_bowl_1], mix [human, mixing_bowl_1, whisk], pour [partner, mixing_bowl_1, frying_pan], move [partner, frying_pan, stove]]
	fried egg - fried_egg
		[pour [partner, flour_bowl, mixing_bowl_1], pour [partner, olive_oil_bowl, frying_pan], pour [partner, eggs_bowl, frying_pan], move [human, frying_pan, stove], mix [partner, frying_pan, whisk]]
	scrambled egg - scrambled_egg
		[pour [partner, flour_bowl, mixing_bowl_1], pour [human, olive_oil_bowl, frying_pan], move [partner, frying_pan, stove], move [partner, frying_pan, counter], pour [human, eggs_bowl, frying_pan], mix [partner, frying_pan, whisk], move [partner, frying_pan, stove]]
	tea - hot_tea
		[pour [partner, flour_bowl, mixing_bowl_1], pour [partner, mixing_bowl_1, trash], pour [human, water_bowl, mixing_bowl_1], pour [human, tea_bowl, mixing_bowl_1], mix [human, mixing_bowl_1, whisk], pour [partner, mixing_bowl_1, frying_pan], move [partner, frying_pan, stove]]

pour [partner, eggs_bowl, frying_pan]
	pancake - pancake
		[pour [partner, eggs_bowl, frying_pan], pour [partner, frying_pan, mixing_bowl_1], pour [partner, flour_bowl, mixing_bowl_1], pour [partner, milk_bowl, mixing_bowl_1], mix [partner, mixing_bowl_1, whisk], pour [human, mixing_bowl_1, frying_pan], move [partner, frying_pan, stove]]
	fried egg - fried_egg
		[pour [partner, eggs_bowl, frying_pan], pour [partner, butter_bowl, frying_pan], move [human, frying_pan, stove], mix [partner, frying_pan, whisk]]
	scrambled egg - scrambled_egg
		[pour [partner, eggs_bowl, frying_pan], pour [human, frying_pan, mixing_bowl_1], pour [human, butter_bowl, frying_pan], move [human, frying_pan, stove], move [human, frying_pan, counter], pour [human, mixing_bowl_1, frying_pan], mix [human, frying_pan, whisk], move [human, frying_pan, stove]]
	tea - hot_tea
		[pour [partner, eggs_bowl, frying_pan], pour [partner, water_bowl, mixing_bowl_1], pour [human, frying_pan, trash], pour [partner, tea_bowl, mixing_bowl_1], mix [partner, mixing_bowl_1, whisk], pour [human, mixing_bowl_1, frying_pan], move [partner, frying_pan, stove]]

pour [partner, butter_bowl, frying_pan]
	pancake - pancake
		[pour [partner, butter_bowl, frying_pan], pour [human, eggs_bowl, mixing_bowl_1], pour [partner, milk_bowl, mixing_bowl_1], pour [human, frying_pan, trash], pour [human, flour_bowl, mixing_bowl_1], mix [partner, mixing_bowl_1, whisk], pour [human, mixing_bowl_1, frying_pan], move [human, frying_pan, stove]]
	fried egg - fried_egg
		[pour [partner, butter_bowl, frying_pan], pour [human, eggs_bowl, frying_pan], move [partner, frying_pan, stove], mix [human, frying_pan, whisk]]
	scrambled egg - scrambled_egg
		[pour [partner, butter_bowl, frying_pan], move [partner, frying_pan, stove], move [human, frying_pan, counter], pour [partner, eggs_bowl, frying_pan], mix [human, frying_pan, whisk], move [human, frying_pan, stove]]
	tea - hot_tea
		[pour [partner, butter_bowl, frying_pan], pour [partner, tea_bowl, mixing_bowl_1], pour [human, water_bowl, mixing_bowl_1], mix [partner, mixing_bowl_1, whisk], pour [human, frying_pan, trash], pour [partner, mixing_bowl_1, frying_pan], move [human, frying_pan, stove]]

pour [partner, milk_bowl, mixing_bowl_1]
	pancake - pancake
		[pour [partner, milk_bowl, mixing_bowl_1], pour [human, flour_bowl, mixing_bowl_1], pour [human, eggs_bowl, mixing_bowl_1], mix [partner, mixing_bowl_1, whisk], pour [partner, mixing_bowl_1, frying_pan], move [partner, frying_pan, stove]]
	fried egg - fried_egg
		[pour [partner, milk_bowl, mixing_bowl_1], pour [human, butter_bowl, frying_pan], pour [human, eggs_bowl, frying_pan], move [human, frying_pan, stove], mix [human, frying_pan, whisk]]
	scrambled egg - scrambled_egg
		[pour [partner, milk_bowl, mixing_bowl_1], pour [partner, butter_bowl, frying_pan], move [human, frying_pan, stove], move [partner, frying_pan, counter], pour [human, eggs_bowl, frying_pan], mix [partner, frying_pan, whisk], move [human, frying_pan, stove]]
	tea - hot_tea
		[pour [partner, milk_bowl, mixing_bowl_1], pour [partner, mixing_bowl_1, trash], pour [partner, tea_bowl, mixing_bowl_1], pour [partner, water_bowl, mixing_bowl_1], mix [partner, mixing_bowl_1, whisk], pour [human, mixing_bowl_1, frying_pan], move [human, frying_pan, stove]]

pour [partner, water_bowl, mixing_bowl_1]
	pancake - pancake
		[pour [partner, water_bowl, mixing_bowl_1], pour [human, mixing_bowl_1, trash], pour [human, eggs_bowl, mixing_bowl_1], pour [human, flour_bowl, mixing_bowl_1], pour [partner, milk_bowl, mixing_bowl_1], mix [human, mixing_bowl_1, whisk], pour [partner, mixing_bowl_1, frying_pan], move [partner, frying_pan, stove]]
	fried egg - fried_egg
		[pour [partner, water_bowl, mixing_bowl_1], pour [partner, olive_oil_bowl, frying_pan], pour [human, eggs_bowl, frying_pan], move [human, frying_pan, stove], mix [human, frying_pan, whisk]]
	scrambled egg - scrambled_egg
		[pour [partner, water_bowl, mixing_bowl_1], pour [human, butter_bowl, frying_pan], move [human, frying_pan, stove], move [partner, frying_pan, counter], pour [partner, eggs_bowl, frying_pan], mix [partner, frying_pan, whisk], move [partner, frying_pan, stove]]
	tea - hot_tea
		[pour [partner, water_bowl, mixing_bowl_1], pour [partner, tea_bowl, mixing_bowl_1], mix [partner, mixing_bowl_1, whisk], pour [partner, mixing_bowl_1, frying_pan], move [human, frying_pan, stove]]

pour [partner, tea_bowl, mixing_bowl_1]
	pancake - pancake
		[pour [partner, tea_bowl, mixing_bowl_1], pour [partner, mixing_bowl_1, trash], pour [partner, flour_bowl, mixing_bowl_1], pour [human, milk_bowl, mixing_bowl_1], pour [human, eggs_bowl, mixing_bowl_1], mix [human, mixing_bowl_1, whisk], pour [partner, mixing_bowl_1, frying_pan], move [human, frying_pan, stove]]
	fried egg - fried_egg
		[pour [partner, tea_bowl, mixing_bowl_1], pour [partner, butter_bowl, frying_pan], pour [partner, eggs_bowl, frying_pan], move [partner, frying_pan, stove], mix [human, frying_pan, whisk]]
	scrambled egg - scrambled_egg
		[pour [partner, tea_bowl, mixing_bowl_1], pour [human, olive_oil_bowl, frying_pan], move [partner, frying_pan, stove], move [partner, frying_pan, counter], pour [human, eggs_bowl, frying_pan], mix [partner, frying_pan, whisk], move [partner, frying_pan, stove]]
	tea - hot_tea
		[pour [partner, tea_bowl, mixing_bowl_1], pour [partner, water_bowl, mixing_bowl_1], mix [partner, mixing_bowl_1, whisk], pour [partner, mixing_bowl_1, frying_pan], move [human, frying_pan, stove]]

NullAction [partner]
	pancake - pancake
		[pour [human, flour_bowl, mixing_bowl_1], pour [human, eggs_bowl, mixing_bowl_1], pour [human, milk_bowl, mixing_bowl_1], mix [human, mixing_bowl_1, whisk], pour [partner, mixing_bowl_1, frying_pan], move [partner, frying_pan, stove]]
	fried egg - fried_egg
		[pour [partner, eggs_bowl, frying_pan], pour [human, olive_oil_bowl, frying_pan], move [human, frying_pan, stove], mix [human, frying_pan, whisk]]
	scrambled egg - scrambled_egg
		[pour [partner, olive_oil_bowl, frying_pan], move [human, frying_pan, stove], move [human, frying_pan, counter], pour [human, eggs_bowl, frying_pan], mix [partner, frying_pan, whisk], move [partner, frying_pan, stove]]
	tea - hot_tea
		[pour [human, water_bowl, mixing_bowl_1], pour [human, tea_bowl, mixing_bowl_1], mix [partner, mixing_bowl_1, whisk], pour [human, mixing_bowl_1, frying_pan], move [human, frying_pan, stove]]

pour [partner, flour_bowl, mixing_bowl_1]: 81.48388858482282
pour [partner, eggs_bowl, mixing_bowl_1]: 80.15531715625032
pour [partner, olive_oil_bowl, frying_pan]: 75.1517475155066
pour [partner, eggs_bowl, frying_pan]: 85.05106545557118
pour [partner, butter_bowl, frying_pan]: 80.37674572767996
pour [partner, tea_bowl, mixing_bowl_1]: 82.64788858482235
pour [partner, milk_bowl, mixing_bowl_1]: 86.19074572768058
pour [partner, water_bowl, mixing_bowl_1]: 78.87266409502715
NullAction [partner]: 76.20531715625246
Executing action pour [partner, olive_oil_bowl, frying_pan], 3.4170905105466964, 20.26343089421604
Executing action wait [human] 3.4170905105466964, 20.26343089421604
human scheduled actions
-partner
	pour [partner, flour_bowl, mixing_bowl_1], 0.0, 15.775125675024924
	pour [partner, milk_bowl, mixing_bowl_1], 15.775125675024924, 33.111465888716936
	pour [partner, eggs_bowl, mixing_bowl_1], 33.111465888716936, 50.00564171689098
	mix [partner, mixing_bowl_1, whisk], 50.00564171689098, 54.150744582585745
	wait, 54.150744582585745, 66.4654237461766
	move [partner, frying_pan, stove], 66.4654237461766, 84.40734856444843
-human
	pour [human, frying_pan, trash], 0.0, 16.516516946872507
	wait, 16.516516946872507, 54.150744582585745
	pour [human, mixing_bowl_1, frying_pan], 54.150744582585745, 66.4654237461766
Human chose pour [human, frying_pan, trash]
Previous Distribution
coffee with milk - coffee_with_milk: 0.0
cereal with milk - cereal_with_milk: 0.0
pancake - pancake: 0.21428571428571427
fried egg - fried_egg: 0.21428571428571427
scrambled egg - scrambled_egg: 0.2857142857142857
chocolate milk - chocolate_milk: 0.0
tea - hot_tea: 0.2857142857142857


Current Distribution
pancake - pancake: 0.21428571428571427
fried egg - fried_egg: 0.21428571428571427
scrambled egg - scrambled_egg: 0.2857142857142857
tea - hot_tea: 0.2857142857142857


pour [partner, frying_pan, trash]
	pancake - pancake
		[pour [partner, frying_pan, trash], pour [human, eggs_bowl, mixing_bowl_1], pour [human, flour_bowl, mixing_bowl_1], pour [partner, milk_bowl, mixing_bowl_1], mix [human, mixing_bowl_1, whisk], pour [human, mixing_bowl_1, frying_pan], move [human, frying_pan, stove]]
	fried egg - fried_egg
		[pour [partner, frying_pan, trash], reset [human], pour [human, butter_bowl, frying_pan], switch [partner, stove], pour [partner, eggs_bowl, frying_pan], move [human, frying_pan, stove], mix [human, frying_pan, whisk]]
	scrambled egg - scrambled_egg
		[pour [partner, frying_pan, trash], reset [human], switch [partner, stove], pour [human, butter_bowl, frying_pan], move [partner, frying_pan, stove], move [partner, frying_pan, counter], pour [human, eggs_bowl, frying_pan], mix [partner, frying_pan, whisk], move [partner, frying_pan, stove]]
	tea - hot_tea
		[pour [partner, frying_pan, trash], pour [partner, tea_bowl, mixing_bowl_1], pour [human, water_bowl, mixing_bowl_1], mix [human, mixing_bowl_1, whisk], pour [human, mixing_bowl_1, frying_pan], move [human, frying_pan, stove]]

pour [partner, flour_bowl, mixing_bowl_1]
	pancake - pancake
		[pour [partner, flour_bowl, mixing_bowl_1], pour [human, eggs_bowl, mixing_bowl_1], pour [human, milk_bowl, mixing_bowl_1], mix [human, mixing_bowl_1, whisk], pour [partner, frying_pan, trash], pour [partner, mixing_bowl_1, frying_pan], move [partner, frying_pan, stove]]
	fried egg - fried_egg
		[pour [partner, flour_bowl, mixing_bowl_1], pour [human, eggs_bowl, frying_pan], move [human, frying_pan, stove], mix [human, frying_pan, whisk]]
	scrambled egg - scrambled_egg
		[pour [partner, flour_bowl, mixing_bowl_1], move [human, frying_pan, stove], move [human, frying_pan, counter], pour [partner, eggs_bowl, frying_pan], mix [partner, frying_pan, whisk], move [partner, frying_pan, stove]]
	tea - hot_tea
		[pour [partner, flour_bowl, mixing_bowl_1], reset [human], pour [partner, tea_bowl, mixing_bowl_1], switch [human, stove], pour [partner, water_bowl, mixing_bowl_1], mix [partner, mixing_bowl_1, whisk], pour [human, mixing_bowl_1, frying_pan], move [human, frying_pan, stove]]

pour [partner, eggs_bowl, mixing_bowl_1]
	pancake - pancake
		[pour [partner, eggs_bowl, mixing_bowl_1], pour [human, flour_bowl, mixing_bowl_1], pour [partner, milk_bowl, mixing_bowl_1], pour [human, frying_pan, trash], mix [partner, mixing_bowl_1, whisk], pour [partner, mixing_bowl_1, frying_pan], move [human, frying_pan, stove]]
	fried egg - fried_egg
		[pour [partner, eggs_bowl, mixing_bowl_1], pour [human, mixing_bowl_1, frying_pan], move [partner, frying_pan, stove], mix [partner, frying_pan, whisk]]
	scrambled egg - scrambled_egg
		[pour [partner, eggs_bowl, mixing_bowl_1], move [partner, frying_pan, stove], move [human, frying_pan, counter], pour [partner, mixing_bowl_1, frying_pan], mix [partner, frying_pan, whisk], move [human, frying_pan, stove]]
	tea - hot_tea
		[pour [partner, eggs_bowl, mixing_bowl_1], reset [human], pour [partner, water_bowl, mixing_bowl_1], pour [partner, tea_bowl, mixing_bowl_1], switch [partner, stove], mix [partner, mixing_bowl_1, whisk], pour [human, mixing_bowl_1, frying_pan], move [human, frying_pan, stove]]

move [partner, frying_pan, stove]
	pancake - pancake
		[move [partner, frying_pan, stove], reset [human], switch [human, stove], pour [human, flour_bowl, mixing_bowl_1], pour [partner, milk_bowl, mixing_bowl_1], pour [human, eggs_bowl, mixing_bowl_1], mix [human, mixing_bowl_1, whisk], pour [partner, mixing_bowl_1, frying_pan], move [human, frying_pan, stove]]
	fried egg - fried_egg
		[move [partner, frying_pan, stove], move [partner, frying_pan, counter], pour [human, eggs_bowl, frying_pan], move [human, frying_pan, stove], mix [partner, frying_pan, whisk]]
	scrambled egg - scrambled_egg
		[move [partner, frying_pan, stove], move [human, frying_pan, counter], pour [human, eggs_bowl, frying_pan], mix [human, frying_pan, whisk], move [partner, frying_pan, stove]]
	tea - hot_tea
		[move [partner, frying_pan, stove], reset [human], switch [human, stove], pour [partner, water_bowl, mixing_bowl_1], pour [human, tea_bowl, mixing_bowl_1], mix [partner, mixing_bowl_1, whisk], pour [partner, mixing_bowl_1, frying_pan], move [partner, frying_pan, stove]]

pour [partner, milk_bowl, mixing_bowl_1]
	pancake - pancake
		[pour [partner, milk_bowl, mixing_bowl_1], pour [human, flour_bowl, mixing_bowl_1], pour [human, frying_pan, trash], pour [human, eggs_bowl, mixing_bowl_1], mix [human, mixing_bowl_1, whisk], pour [partner, mixing_bowl_1, frying_pan], move [human, frying_pan, stove]]
	fried egg - fried_egg
		[pour [partner, milk_bowl, mixing_bowl_1], pour [human, eggs_bowl, frying_pan], move [partner, frying_pan, stove], mix [partner, frying_pan, whisk]]
	scrambled egg - scrambled_egg
		[pour [partner, milk_bowl, mixing_bowl_1], move [human, frying_pan, stove], move [human, frying_pan, counter], pour [partner, eggs_bowl, frying_pan], mix [human, frying_pan, whisk], move [partner, frying_pan, stove]]
	tea - hot_tea
		[pour [partner, milk_bowl, mixing_bowl_1], reset [human], switch [human, stove], pour [partner, tea_bowl, mixing_bowl_1], pour [partner, water_bowl, mixing_bowl_1], mix [partner, mixing_bowl_1, whisk], pour [human, mixing_bowl_1, frying_pan], move [human, frying_pan, stove]]

pour [partner, tea_bowl, mixing_bowl_1]
	pancake - pancake
		[pour [partner, tea_bowl, mixing_bowl_1], reset [human], pour [partner, milk_bowl, mixing_bowl_1], pour [human, flour_bowl, mixing_bowl_1], pour [human, eggs_bowl, mixing_bowl_1], mix [partner, mixing_bowl_1, whisk], switch [partner, stove], pour [partner, mixing_bowl_1, frying_pan], move [human, frying_pan, stove]]
	fried egg - fried_egg
		[pour [partner, tea_bowl, mixing_bowl_1], pour [human, eggs_bowl, frying_pan], move [human, frying_pan, stove], mix [partner, frying_pan, whisk]]
	scrambled egg - scrambled_egg
		[pour [partner, tea_bowl, mixing_bowl_1], move [partner, frying_pan, stove], move [partner, frying_pan, counter], pour [partner, eggs_bowl, frying_pan], mix [human, frying_pan, whisk], move [human, frying_pan, stove]]
	tea - hot_tea
		[pour [partner, tea_bowl, mixing_bowl_1], pour [human, frying_pan, trash], pour [partner, water_bowl, mixing_bowl_1], mix [partner, mixing_bowl_1, whisk], pour [human, mixing_bowl_1, frying_pan], move [partner, frying_pan, stove]]

NullAction [partner]
	pancake - pancake
		[pour [human, frying_pan, trash], pour [partner, milk_bowl, mixing_bowl_1], pour [partner, flour_bowl, mixing_bowl_1], pour [partner, eggs_bowl, mixing_bowl_1], mix [partner, mixing_bowl_1, whisk], pour [partner, mixing_bowl_1, frying_pan], move [partner, frying_pan, stove]]
	fried egg - fried_egg
		[pour [partner, eggs_bowl, frying_pan], move [partner, frying_pan, stove], mix [human, frying_pan, whisk]]
	scrambled egg - scrambled_egg
		[move [partner, frying_pan, stove], move [human, frying_pan, counter], pour [human, eggs_bowl, frying_pan], mix [partner, frying_pan, whisk], move [partner, frying_pan, stove]]
	tea - hot_tea
		[pour [partner, water_bowl, mixing_bowl_1], pour [partner, tea_bowl, mixing_bowl_1], mix [partner, mixing_bowl_1, whisk], pour [human, frying_pan, trash], pour [human, mixing_bowl_1, frying_pan], move [partner, frying_pan, stove]]

pour [partner, eggs_bowl, frying_pan]
	pancake - pancake
		[pour [partner, eggs_bowl, frying_pan], reset [human], pour [human, milk_bowl, mixing_bowl_1], pour [human, flour_bowl, mixing_bowl_1], switch [partner, stove], pour [partner, eggs_bowl, mixing_bowl_1], mix [human, mixing_bowl_1, whisk], pour [human, mixing_bowl_1, frying_pan], move [partner, frying_pan, stove]]
	fried egg - fried_egg
		[pour [partner, eggs_bowl, frying_pan], move [human, frying_pan, stove], mix [human, frying_pan, whisk]]
	scrambled egg - scrambled_egg
		[pour [partner, eggs_bowl, frying_pan], reset [human], pour [partner, olive_oil_bowl, frying_pan], switch [human, stove], move [partner, frying_pan, stove], move [partner, frying_pan, counter], pour [partner, eggs_bowl, frying_pan], mix [human, frying_pan, whisk], move [partner, frying_pan, stove]]
	tea - hot_tea
		[pour [partner, eggs_bowl, frying_pan], pour [human, tea_bowl, mixing_bowl_1], pour [human, frying_pan, trash], pour [human, water_bowl, mixing_bowl_1], mix [human, mixing_bowl_1, whisk], pour [partner, mixing_bowl_1, frying_pan], move [partner, frying_pan, stove]]

pour [partner, water_bowl, mixing_bowl_1]
	pancake - pancake
		[pour [partner, water_bowl, mixing_bowl_1], reset [human], pour [partner, eggs_bowl, mixing_bowl_1], pour [partner, flour_bowl, mixing_bowl_1], pour [human, milk_bowl, mixing_bowl_1], switch [human, stove], mix [human, mixing_bowl_1, whisk], pour [human, mixing_bowl_1, frying_pan], move [human, frying_pan, stove]]
	fried egg - fried_egg
		[pour [partner, water_bowl, mixing_bowl_1], pour [partner, eggs_bowl, frying_pan], move [human, frying_pan, stove], mix [partner, frying_pan, whisk]]
	scrambled egg - scrambled_egg
		[pour [partner, water_bowl, mixing_bowl_1], move [human, frying_pan, stove], move [human, frying_pan, counter], pour [partner, eggs_bowl, frying_pan], mix [human, frying_pan, whisk], move [partner, frying_pan, stove]]
	tea - hot_tea
		[pour [partner, water_bowl, mixing_bowl_1], pour [human, tea_bowl, mixing_bowl_1], mix [partner, mixing_bowl_1, whisk], pour [partner, frying_pan, trash], pour [partner, mixing_bowl_1, frying_pan], move [partner, frying_pan, stove]]

move [partner, frying_pan, stove]: 68.41372935075866
pour [partner, frying_pan, trash]: 83.2684098152922
pour [partner, flour_bowl, mixing_bowl_1]: 78.6340926467421
pour [partner, eggs_bowl, mixing_bowl_1]: 76.96481594466798
pour [partner, eggs_bowl, frying_pan]: 80.75749842109913
pour [partner, tea_bowl, mixing_bowl_1]: 76.32793104348232
pour [partner, milk_bowl, mixing_bowl_1]: 76.00503144196522
pour [partner, water_bowl, mixing_bowl_1]: 78.9624721534766
NullAction [partner]: 78.25503144196522
Executing action move [partner, frying_pan, stove], 20.26343089421604, 36.70353982093911
Previous Distribution
coffee with milk - coffee_with_milk: 0.0
cereal with milk - cereal_with_milk: 0.0
pancake - pancake: 0.21428571428571427
fried egg - fried_egg: 0.21428571428571427
scrambled egg - scrambled_egg: 0.2857142857142857
chocolate milk - chocolate_milk: 0.0
tea - hot_tea: 0.2857142857142857


Current Distribution
pancake - pancake: 0.21428571428571427
fried egg - fried_egg: 0.21428571428571427
scrambled egg - scrambled_egg: 0.2857142857142857
tea - hot_tea: 0.2857142857142857


pour [partner, milk_bowl, mixing_bowl_1]
	pancake - pancake
		[pour [partner, milk_bowl, mixing_bowl_1], reset [human], pour [partner, milk_bowl, mixing_bowl_1], pour [partner, eggs_bowl, mixing_bowl_1], switch [partner, stove], pour [partner, flour_bowl, mixing_bowl_1], mix [partner, mixing_bowl_1, whisk], pour [human, mixing_bowl_1, frying_pan], move [partner, frying_pan, stove]]
	fried egg - fried_egg
		[pour [partner, milk_bowl, mixing_bowl_1], move [human, frying_pan, counter], pour [partner, eggs_bowl, frying_pan], move [human, frying_pan, stove], mix [human, frying_pan, whisk]]
	scrambled egg - scrambled_egg
		[pour [partner, milk_bowl, mixing_bowl_1], move [human, frying_pan, counter], pour [partner, eggs_bowl, frying_pan], mix [partner, frying_pan, whisk], move [partner, frying_pan, stove]]
	tea - hot_tea
		[pour [partner, milk_bowl, mixing_bowl_1], reset [human], pour [partner, water_bowl, mixing_bowl_1], switch [partner, stove], pour [partner, tea_bowl, mixing_bowl_1], mix [human, mixing_bowl_1, whisk], pour [human, mixing_bowl_1, frying_pan], move [partner, frying_pan, stove]]

pour [partner, flour_bowl, mixing_bowl_1]
	pancake - pancake
		[pour [partner, flour_bowl, mixing_bowl_1], reset [human], pour [partner, eggs_bowl, mixing_bowl_1], switch [partner, stove], pour [partner, milk_bowl, mixing_bowl_1], pour [human, flour_bowl, mixing_bowl_1], mix [human, mixing_bowl_1, whisk], pour [partner, mixing_bowl_1, frying_pan], move [human, frying_pan, stove]]
	fried egg - fried_egg
		[pour [partner, flour_bowl, mixing_bowl_1], move [human, frying_pan, counter], pour [partner, eggs_bowl, frying_pan], move [partner, frying_pan, stove], mix [human, frying_pan, whisk]]
	scrambled egg - scrambled_egg
		[pour [partner, flour_bowl, mixing_bowl_1], move [partner, frying_pan, counter], pour [human, eggs_bowl, frying_pan], mix [human, frying_pan, whisk], move [partner, frying_pan, stove]]
	tea - hot_tea
		[pour [partner, flour_bowl, mixing_bowl_1], reset [human], pour [human, water_bowl, mixing_bowl_1], switch [human, stove], pour [partner, tea_bowl, mixing_bowl_1], mix [partner, mixing_bowl_1, whisk], pour [human, mixing_bowl_1, frying_pan], move [partner, frying_pan, stove]]

NullAction [partner]
	pancake - pancake
		[reset [human], switch [human, stove], pour [partner, milk_bowl, mixing_bowl_1], pour [partner, flour_bowl, mixing_bowl_1], pour [human, eggs_bowl, mixing_bowl_1], mix [human, mixing_bowl_1, whisk], pour [human, mixing_bowl_1, frying_pan], move [partner, frying_pan, stove]]
	fried egg - fried_egg
		[move [partner, frying_pan, counter], pour [partner, eggs_bowl, frying_pan], move [partner, frying_pan, stove], mix [partner, frying_pan, whisk]]
	scrambled egg - scrambled_egg
		[move [partner, frying_pan, counter], pour [partner, eggs_bowl, frying_pan], mix [human, frying_pan, whisk], move [human, frying_pan, stove]]
	tea - hot_tea
		[reset [human], pour [human, water_bowl, mixing_bowl_1], switch [human, stove], pour [partner, tea_bowl, mixing_bowl_1], mix [partner, mixing_bowl_1, whisk], pour [human, mixing_bowl_1, frying_pan], move [human, frying_pan, stove]]

move [partner, frying_pan, counter]
	pancake - pancake
		[move [partner, frying_pan, counter], pour [human, milk_bowl, mixing_bowl_1], pour [partner, eggs_bowl, mixing_bowl_1], pour [partner, frying_pan, trash], pour [human, flour_bowl, mixing_bowl_1], mix [human, mixing_bowl_1, whisk], pour [human, mixing_bowl_1, frying_pan], move [partner, frying_pan, stove]]
	fried egg - fried_egg
		[move [partner, frying_pan, counter], pour [human, eggs_bowl, frying_pan], move [human, frying_pan, stove], mix [partner, frying_pan, whisk]]
	scrambled egg - scrambled_egg
		[move [partner, frying_pan, counter], pour [partner, eggs_bowl, frying_pan], mix [partner, frying_pan, whisk], move [human, frying_pan, stove]]
	tea - hot_tea
		[move [partner, frying_pan, counter], pour [human, tea_bowl, mixing_bowl_1], pour [partner, water_bowl, mixing_bowl_1], mix [partner, mixing_bowl_1, whisk], pour [partner, frying_pan, trash], pour [partner, mixing_bowl_1, frying_pan], move [partner, frying_pan, stove]]

switch [partner, stove]
	pancake - pancake
		[switch [partner, stove], reset [human], pour [human, milk_bowl, mixing_bowl_1], switch [partner, stove], pour [partner, eggs_bowl, mixing_bowl_1], pour [partner, flour_bowl, mixing_bowl_1], mix [partner, mixing_bowl_1, whisk], pour [human, mixing_bowl_1, frying_pan], move [partner, frying_pan, stove]]
	fried egg - fried_egg
		[switch [partner, stove], move [human, frying_pan, counter], pour [partner, frying_pan, mixing_bowl_1], pour [partner, eggs_bowl, mixing_bowl_1], mix [partner, mixing_bowl_1, whisk], switch [partner, stove], pour [partner, butter_bowl, frying_pan], move [human, frying_pan, stove], move [partner, frying_pan, counter], pour [human, mixing_bowl_1, trash], pour [partner, frying_pan, mixing_bowl_1], reset [human], pour [partner, eggs_bowl, frying_pan], pour [partner, olive_oil_bowl, frying_pan], switch [human, stove], move [human, frying_pan, stove], mix [human, frying_pan, whisk]]
	scrambled egg - scrambled_egg
		[switch [partner, stove], switch [partner, stove], move [partner, frying_pan, counter], pour [human, eggs_bowl, frying_pan], mix [human, frying_pan, whisk], move [human, frying_pan, stove]]
	tea - hot_tea
		[switch [partner, stove], reset [human], pour [human, water_bowl, mixing_bowl_1], pour [partner, tea_bowl, mixing_bowl_1], mix [human, mixing_bowl_1, whisk], pour [human, mixing_bowl_1, frying_pan], switch [human, stove], move [partner, frying_pan, stove]]

pour [partner, flour_bowl, mixing_bowl_1]: 78.12367621539447
switch [partner, stove]: 91.88686655737976
move [partner, frying_pan, counter]: 70.72884334954358
pour [partner, milk_bowl, mixing_bowl_1]: 76.6370612341833
NullAction [partner]: 73.16286929263214
Executing action pour [human, frying_pan, trash], 20.26343089421604, 38.01020790372218
human scheduled actions
-partner
	move [partner, frying_pan, counter], 0.0, 16.0
	pour [partner, flour_bowl, mixing_bowl_1], 16.0, 31.5
	pour [partner, eggs_bowl, mixing_bowl_1], 31.5, 47.0
	pour [partner, milk_bowl, mixing_bowl_1], 47.0, 62.5
	pour [partner, frying_pan, trash], 62.5, 78.0
	wait, 78.0, 88.84999999999624
	move [partner, frying_pan, stove], 88.84999999999624, 104.84999999999624
-human
	wait, 0.0, 62.5
	mix [human, mixing_bowl_1, whisk], 62.50000000000001, 69.4
	wait, 69.4, 78.0
	pour [human, mixing_bowl_1, frying_pan], 78.0, 88.84999999999624
Executing action move [partner, frying_pan, counter], 36.70353982093911, 54.608321727599055
Executing action wait [human] 38.01020790372218, 54.608321727599055
human scheduled actions
-partner
	pour [partner, flour_bowl, mixing_bowl_1], 0.0, 18.18662702361268
	pour [partner, eggs_bowl, mixing_bowl_1], 18.186627023612676, 36.65086974082351
	wait, 36.65086974082351, 53.1910041859084
	mix [partner, mixing_bowl_1, whisk], 53.1910041859084, 57.14847276470278
	wait, 57.14847276470278, 68.35262339226672
	move [partner, frying_pan, stove], 68.35262339226674, 85.21785603335837
-human
	pour [human, frying_pan, trash], 0.0, 17.9658260785415
	wait, 17.9658260785415, 36.65086974082351
	pour [human, milk_bowl, mixing_bowl_1], 36.65086974082351, 53.1910041859084
	wait, 53.1910041859084, 57.14847276470278
	pour [human, mixing_bowl_1, frying_pan], 57.148472764702774, 68.35262339226672
Human chose pour [human, frying_pan, trash]
Previous Distribution
coffee with milk - coffee_with_milk: 0.0
cereal with milk - cereal_with_milk: 0.0
pancake - pancake: 0.21428571428571427
fried egg - fried_egg: 0.21428571428571427
scrambled egg - scrambled_egg: 0.2857142857142857
chocolate milk - chocolate_milk: 0.0
tea - hot_tea: 0.2857142857142857


Current Distribution
pancake - pancake: 0.21428571428571427
fried egg - fried_egg: 0.21428571428571427
scrambled egg - scrambled_egg: 0.2857142857142857
tea - hot_tea: 0.2857142857142857


pour [partner, frying_pan, trash]
	pancake - pancake
		[pour [partner, frying_pan, trash], pour [human, milk_bowl, mixing_bowl_1], pour [partner, eggs_bowl, mixing_bowl_1], pour [partner, flour_bowl, mixing_bowl_1], mix [partner, mixing_bowl_1, whisk], pour [human, mixing_bowl_1, frying_pan], move [partner, frying_pan, stove]]
	fried egg - fried_egg
		[pour [partner, frying_pan, trash], reset [human], switch [human, stove], pour [partner, olive_oil_bowl, frying_pan], pour [partner, eggs_bowl, frying_pan], move [human, frying_pan, stove], mix [partner, frying_pan, whisk]]
	scrambled egg - scrambled_egg
		[pour [partner, frying_pan, trash], reset [human], pour [partner, olive_oil_bowl, frying_pan], switch [human, stove], move [human, frying_pan, stove], move [human, frying_pan, counter], pour [partner, eggs_bowl, frying_pan], mix [partner, frying_pan, whisk], move [human, frying_pan, stove]]
	tea - hot_tea
		[pour [partner, frying_pan, trash], pour [human, tea_bowl, mixing_bowl_1], pour [partner, water_bowl, mixing_bowl_1], mix [human, mixing_bowl_1, whisk], pour [human, mixing_bowl_1, frying_pan], move [partner, frying_pan, stove]]

pour [partner, eggs_bowl, mixing_bowl_1]
	pancake - pancake
		[pour [partner, eggs_bowl, mixing_bowl_1], pour [human, milk_bowl, mixing_bowl_1], pour [partner, flour_bowl, mixing_bowl_1], mix [partner, mixing_bowl_1, whisk], pour [human, frying_pan, trash], pour [partner, mixing_bowl_1, frying_pan], move [human, frying_pan, stove]]
	fried egg - fried_egg
		[pour [partner, eggs_bowl, mixing_bowl_1], pour [human, mixing_bowl_1, frying_pan], move [partner, frying_pan, stove], mix [partner, frying_pan, whisk]]
	scrambled egg - scrambled_egg
		[pour [partner, eggs_bowl, mixing_bowl_1], pour [human, mixing_bowl_1, frying_pan], mix [human, frying_pan, whisk], move [human, frying_pan, stove]]
	tea - hot_tea
		[pour [partner, eggs_bowl, mixing_bowl_1], reset [human], pour [human, water_bowl, mixing_bowl_1], pour [human, tea_bowl, mixing_bowl_1], mix [human, mixing_bowl_1, whisk], switch [partner, stove], pour [partner, mixing_bowl_1, frying_pan], move [partner, frying_pan, stove]]

pour [partner, flour_bowl, mixing_bowl_1]
	pancake - pancake
		[pour [partner, flour_bowl, mixing_bowl_1], pour [partner, milk_bowl, mixing_bowl_1], pour [human, frying_pan, trash], pour [partner, eggs_bowl, mixing_bowl_1], mix [human, mixing_bowl_1, whisk], pour [human, mixing_bowl_1, frying_pan], move [partner, frying_pan, stove]]
	fried egg - fried_egg
		[pour [partner, flour_bowl, mixing_bowl_1], pour [partner, eggs_bowl, frying_pan], move [human, frying_pan, stove], mix [human, frying_pan, whisk]]
	scrambled egg - scrambled_egg
		[pour [partner, flour_bowl, mixing_bowl_1], pour [partner, eggs_bowl, frying_pan], mix [partner, frying_pan, whisk], move [partner, frying_pan, stove]]
	tea - hot_tea
		[pour [partner, flour_bowl, mixing_bowl_1], reset [human], pour [partner, tea_bowl, mixing_bowl_1], switch [partner, stove], pour [partner, water_bowl, mixing_bowl_1], mix [human, mixing_bowl_1, whisk], pour [partner, mixing_bowl_1, frying_pan], move [partner, frying_pan, stove]]

pour [partner, eggs_bowl, frying_pan]
	pancake - pancake
		[pour [partner, eggs_bowl, frying_pan], reset [human], pour [human, flour_bowl, mixing_bowl_1], pour [human, milk_bowl, mixing_bowl_1], pour [partner, eggs_bowl, mixing_bowl_1], mix [partner, mixing_bowl_1, whisk], switch [partner, stove], pour [human, mixing_bowl_1, frying_pan], move [human, frying_pan, stove]]
	fried egg - fried_egg
		[pour [partner, eggs_bowl, frying_pan], move [partner, frying_pan, stove], mix [human, frying_pan, whisk]]
	scrambled egg - scrambled_egg
		[pour [partner, eggs_bowl, frying_pan], mix [human, frying_pan, whisk], move [partner, frying_pan, stove]]
	tea - hot_tea
		[pour [partner, eggs_bowl, frying_pan], pour [human, water_bowl, mixing_bowl_1], pour [human, tea_bowl, mixing_bowl_1], pour [partner, frying_pan, trash], mix [partner, mixing_bowl_1, whisk], pour [partner, mixing_bowl_1, frying_pan], move [human, frying_pan, stove]]

pour [partner, milk_bowl, mixing_bowl_1]
	pancake - pancake
		[pour [partner, milk_bowl, mixing_bowl_1], pour [human, eggs_bowl, mixing_bowl_1], pour [partner, frying_pan, trash], pour [partner, flour_bowl, mixing_bowl_1], mix [partner, mixing_bowl_1, whisk], pour [partner, mixing_bowl_1, frying_pan], move [human, frying_pan, stove]]
	fried egg - fried_egg
		[pour [partner, milk_bowl, mixing_bowl_1], pour [human, eggs_bowl, frying_pan], move [partner, frying_pan, stove], mix [human, frying_pan, whisk]]
	scrambled egg - scrambled_egg
		[pour [partner, milk_bowl, mixing_bowl_1], pour [partner, eggs_bowl, frying_pan], mix [human, frying_pan, whisk], move [partner, frying_pan, stove]]
	tea - hot_tea
		[pour [partner, milk_bowl, mixing_bowl_1], reset [human], switch [partner, stove], pour [human, tea_bowl, mixing_bowl_1], pour [partner, water_bowl, mixing_bowl_1], mix [partner, mixing_bowl_1, whisk], pour [partner, mixing_bowl_1, frying_pan], move [human, frying_pan, stove]]

pour [partner, tea_bowl, mixing_bowl_1]
	pancake - pancake
		[pour [partner, tea_bowl, mixing_bowl_1], reset [human], pour [human, eggs_bowl, mixing_bowl_1], pour [partner, milk_bowl, mixing_bowl_1], switch [partner, stove], pour [human, flour_bowl, mixing_bowl_1], mix [human, mixing_bowl_1, whisk], pour [human, mixing_bowl_1, frying_pan], move [partner, frying_pan, stove]]
	fried egg - fried_egg
		[pour [partner, tea_bowl, mixing_bowl_1], pour [partner, eggs_bowl, frying_pan], move [human, frying_pan, stove], mix [human, frying_pan, whisk]]
	scrambled egg - scrambled_egg
		[pour [partner, tea_bowl, mixing_bowl_1], pour [human, eggs_bowl, frying_pan], mix [human, frying_pan, whisk], move [human, frying_pan, stove]]
	tea - hot_tea
		[pour [partner, tea_bowl, mixing_bowl_1], pour [partner, frying_pan, trash], pour [partner, water_bowl, mixing_bowl_1], mix [human, mixing_bowl_1, whisk], pour [partner, mixing_bowl_1, frying_pan], move [human, frying_pan, stove]]

NullAction [partner]
	pancake - pancake
		[pour [human, flour_bowl, mixing_bowl_1], pour [human, milk_bowl, mixing_bowl_1], pour [human, frying_pan, trash], pour [human, eggs_bowl, mixing_bowl_1], mix [partner, mixing_bowl_1, whisk], pour [partner, mixing_bowl_1, frying_pan], move [human, frying_pan, stove]]
	fried egg - fried_egg
		[pour [human, eggs_bowl, frying_pan], move [human, frying_pan, stove], mix [partner, frying_pan, whisk]]
	scrambled egg - scrambled_egg
		[pour [human, eggs_bowl, frying_pan], mix [human, frying_pan, whisk], move [partner, frying_pan, stove]]
	tea - hot_tea
		[pour [partner, tea_bowl, mixing_bowl_1], pour [partner, water_bowl, mixing_bowl_1], mix [partner, mixing_bowl_1, whisk], pour [partner, frying_pan, trash], pour [human, mixing_bowl_1, frying_pan], move [partner, frying_pan, stove]]

pour [partner, water_bowl, mixing_bowl_1]
	pancake - pancake
		[pour [partner, water_bowl, mixing_bowl_1], reset [human], pour [human, eggs_bowl, mixing_bowl_1], pour [human, flour_bowl, mixing_bowl_1], switch [human, stove], pour [partner, milk_bowl, mixing_bowl_1], mix [human, mixing_bowl_1, whisk], pour [partner, mixing_bowl_1, frying_pan], move [partner, frying_pan, stove]]
	fried egg - fried_egg
		[pour [partner, water_bowl, mixing_bowl_1], pour [human, eggs_bowl, frying_pan], move [human, frying_pan, stove], mix [human, frying_pan, whisk]]
	scrambled egg - scrambled_egg
		[pour [partner, water_bowl, mixing_bowl_1], pour [partner, eggs_bowl, frying_pan], mix [partner, frying_pan, whisk], move [partner, frying_pan, stove]]
	tea - hot_tea
		[pour [partner, water_bowl, mixing_bowl_1], pour [human, frying_pan, trash], pour [partner, tea_bowl, mixing_bowl_1], mix [human, mixing_bowl_1, whisk], pour [partner, mixing_bowl_1, frying_pan], move [partner, frying_pan, stove]]

pour [partner, frying_pan, trash]: 87.55572643548926
pour [partner, flour_bowl, mixing_bowl_1]: 68.49480693245559
pour [partner, eggs_bowl, mixing_bowl_1]: 66.82553023038145
pour [partner, eggs_bowl, frying_pan]: 64.26058410470657
pour [partner, tea_bowl, mixing_bowl_1]: 67.58201267613515
pour [partner, milk_bowl, mixing_bowl_1]: 66.86217429910808
pour [partner, water_bowl, mixing_bowl_1]: 70.81604358204882
NullAction [partner]: 69.11217429910808
Executing action pour [human, frying_pan, trash], 54.608321727599055, 70.39482207536886
human scheduled actions
-partner
	pour [partner, eggs_bowl, frying_pan], 0.0, 15.5
	pour [partner, frying_pan, mixing_bowl_1], 15.5, 31.0
	pour [partner, milk_bowl, mixing_bowl_1], 31.0, 46.5
	pour [partner, flour_bowl, mixing_bowl_1], 46.5, 62.0
	mix [partner, mixing_bowl_1, whisk], 61.99999999999999, 65.71665832347571
	wait, 65.71665832347571, 76.56665832347196
	move [partner, frying_pan, stove], 76.56665832347196, 92.56665832347196
-human
	wait, 0.0, 65.71665832347571
	pour [human, mixing_bowl_1, frying_pan], 65.71665832347571, 76.56665832347196
Executing action pour [partner, eggs_bowl, frying_pan], 54.608321727599055, 73.23138217285819
Executing action wait [human] 70.39482207536886, 73.23138217285819
human scheduled actions
-partner
	pour [partner, milk_bowl, mixing_bowl_1], 0.0, 16.02062351646561
	pour [partner, frying_pan, mixing_bowl_1], 16.020623516465612, 33.22001060792708
	pour [partner, flour_bowl, mixing_bowl_1], 33.22001060792708, 51.48957772327525
	mix [partner, mixing_bowl_1, whisk], 51.48957772327525, 56.00394535618119
	wait, 56.00394535618119, 66.98600126095877
	move [partner, frying_pan, stove], 66.98600126095877, 83.39691036372504
-human
	wait, 0.0, 56.00394535618119
	pour [human, mixing_bowl_1, frying_pan], 56.003945356181184, 66.98600126095877
Previous Distribution
coffee with milk - coffee_with_milk: 0.0
cereal with milk - cereal_with_milk: 0.0
pancake - pancake: 0.21428571428571427
fried egg - fried_egg: 0.21428571428571427
scrambled egg - scrambled_egg: 0.2857142857142857
chocolate milk - chocolate_milk: 0.0
tea - hot_tea: 0.2857142857142857


Current Distribution
pancake - pancake: 0.21428571428571427
fried egg - fried_egg: 0.21428571428571427
scrambled egg - scrambled_egg: 0.2857142857142857
tea - hot_tea: 0.2857142857142857


switch [partner, stove]
	pancake - pancake
		[switch [partner, stove], switch [partner, stove], pour [human, frying_pan, mixing_bowl_1], pour [human, milk_bowl, mixing_bowl_1], pour [human, flour_bowl, mixing_bowl_1], mix [partner, mixing_bowl_1, whisk], pour [human, mixing_bowl_1, frying_pan], move [partner, frying_pan, stove]]
	fried egg - fried_egg
		[switch [partner, stove], reset [human], pour [human, eggs_bowl, frying_pan], pour [human, butter_bowl, frying_pan], move [human, frying_pan, stove], switch [human, stove], mix [human, frying_pan, whisk]]
	scrambled egg - scrambled_egg
		[switch [partner, stove], reset [human], pour [human, olive_oil_bowl, frying_pan], move [human, frying_pan, stove], switch [partner, stove], move [partner, frying_pan, counter], pour [human, eggs_bowl, frying_pan], mix [partner, frying_pan, whisk], move [partner, frying_pan, stove]]
	tea - hot_tea
		[switch [partner, stove], reset [human], pour [partner, tea_bowl, mixing_bowl_1], switch [human, stove], pour [human, water_bowl, mixing_bowl_1], mix [human, mixing_bowl_1, whisk], pour [partner, mixing_bowl_1, frying_pan], move [partner, frying_pan, stove]]

pour [partner, milk_bowl, mixing_bowl_1]
	pancake - pancake
		[pour [partner, milk_bowl, mixing_bowl_1], pour [partner, flour_bowl, mixing_bowl_1], pour [partner, frying_pan, mixing_bowl_1], mix [partner, mixing_bowl_1, whisk], pour [partner, mixing_bowl_1, frying_pan], move [human, frying_pan, stove]]
	fried egg - fried_egg
		[pour [partner, milk_bowl, mixing_bowl_1], reset [human], pour [human, olive_oil_bowl, frying_pan], switch [partner, stove], pour [partner, eggs_bowl, frying_pan], move [human, frying_pan, stove], mix [human, frying_pan, whisk]]
	scrambled egg - scrambled_egg
		[pour [partner, milk_bowl, mixing_bowl_1], reset [human], switch [partner, stove], pour [human, olive_oil_bowl, frying_pan], move [partner, frying_pan, stove], move [human, frying_pan, counter], pour [partner, eggs_bowl, frying_pan], mix [human, frying_pan, whisk], move [human, frying_pan, stove]]
	tea - hot_tea
		[pour [partner, milk_bowl, mixing_bowl_1], reset [human], pour [partner, water_bowl, mixing_bowl_1], switch [partner, stove], pour [human, tea_bowl, mixing_bowl_1], mix [human, mixing_bowl_1, whisk], pour [human, mixing_bowl_1, frying_pan], move [partner, frying_pan, stove]]

pour [partner, water_bowl, mixing_bowl_1]
	pancake - pancake
		[pour [partner, water_bowl, mixing_bowl_1], reset [human], pour [human, milk_bowl, mixing_bowl_1], switch [human, stove], pour [human, flour_bowl, mixing_bowl_1], pour [partner, eggs_bowl, mixing_bowl_1], mix [human, mixing_bowl_1, whisk], pour [partner, mixing_bowl_1, frying_pan], move [human, frying_pan, stove]]
	fried egg - fried_egg
		[pour [partner, water_bowl, mixing_bowl_1], reset [human], pour [human, butter_bowl, frying_pan], switch [human, stove], pour [human, eggs_bowl, frying_pan], move [partner, frying_pan, stove], mix [partner, frying_pan, whisk]]
	scrambled egg - scrambled_egg
		[pour [partner, water_bowl, mixing_bowl_1], reset [human], pour [partner, olive_oil_bowl, frying_pan], move [human, frying_pan, stove], switch [partner, stove], move [human, frying_pan, counter], pour [human, eggs_bowl, frying_pan], mix [partner, frying_pan, whisk], move [human, frying_pan, stove]]
	tea - hot_tea
		[pour [partner, water_bowl, mixing_bowl_1], reset [human], pour [human, water_bowl, mixing_bowl_1], pour [partner, tea_bowl, mixing_bowl_1], mix [partner, mixing_bowl_1, whisk], pour [human, mixing_bowl_1, frying_pan], switch [human, stove], move [human, frying_pan, stove]]

pour [partner, flour_bowl, mixing_bowl_1]
	pancake - pancake
		[pour [partner, flour_bowl, mixing_bowl_1], pour [human, frying_pan, mixing_bowl_1], pour [partner, milk_bowl, mixing_bowl_1], mix [human, mixing_bowl_1, whisk], pour [human, mixing_bowl_1, frying_pan], move [human, frying_pan, stove]]
	fried egg - fried_egg
		[pour [partner, flour_bowl, mixing_bowl_1], reset [human], pour [human, butter_bowl, frying_pan], pour [partner, eggs_bowl, frying_pan], switch [partner, stove], move [partner, frying_pan, stove], mix [human, frying_pan, whisk]]
	scrambled egg - scrambled_egg
		[pour [partner, flour_bowl, mixing_bowl_1], reset [human], switch [human, stove], pour [partner, butter_bowl, frying_pan], move [human, frying_pan, stove], move [partner, frying_pan, counter], pour [human, eggs_bowl, frying_pan], mix [partner, frying_pan, whisk], move [partner, frying_pan, stove]]
	tea - hot_tea
		[pour [partner, flour_bowl, mixing_bowl_1], reset [human], pour [partner, tea_bowl, mixing_bowl_1], pour [partner, water_bowl, mixing_bowl_1], mix [human, mixing_bowl_1, whisk], switch [partner, stove], pour [partner, mixing_bowl_1, frying_pan], move [partner, frying_pan, stove]]

NullAction [partner]
	pancake - pancake
		[pour [partner, frying_pan, mixing_bowl_1], pour [partner, milk_bowl, mixing_bowl_1], pour [partner, flour_bowl, mixing_bowl_1], mix [human, mixing_bowl_1, whisk], pour [human, mixing_bowl_1, frying_pan], move [human, frying_pan, stove]]
	fried egg - fried_egg
		[reset [human], switch [partner, stove], pour [partner, butter_bowl, frying_pan], pour [human, eggs_bowl, frying_pan], move [human, frying_pan, stove], mix [human, frying_pan, whisk]]
	scrambled egg - scrambled_egg
		[reset [human], pour [partner, butter_bowl, frying_pan], switch [partner, stove], move [human, frying_pan, stove], move [partner, frying_pan, counter], pour [human, eggs_bowl, frying_pan], mix [human, frying_pan, whisk], move [human, frying_pan, stove]]
	tea - hot_tea
		[reset [human], switch [human, stove], pour [partner, tea_bowl, mixing_bowl_1], pour [human, water_bowl, mixing_bowl_1], mix [human, mixing_bowl_1, whisk], pour [partner, mixing_bowl_1, frying_pan], move [human, frying_pan, stove]]

pour [partner, frying_pan, mixing_bowl_1]
	pancake - pancake
		[pour [partner, frying_pan, mixing_bowl_1], pour [partner, milk_bowl, mixing_bowl_1], pour [partner, flour_bowl, mixing_bowl_1], mix [partner, mixing_bowl_1, whisk], pour [partner, mixing_bowl_1, frying_pan], move [partner, frying_pan, stove]]
	fried egg - fried_egg
		[pour [partner, frying_pan, mixing_bowl_1], reset [human], switch [human, stove], pour [human, olive_oil_bowl, frying_pan], pour [human, eggs_bowl, frying_pan], move [human, frying_pan, stove], mix [partner, frying_pan, whisk]]
	scrambled egg - scrambled_egg
		[pour [partner, frying_pan, mixing_bowl_1], reset [human], pour [partner, butter_bowl, frying_pan], move [partner, frying_pan, stove], switch [partner, stove], move [partner, frying_pan, counter], pour [human, eggs_bowl, frying_pan], mix [partner, frying_pan, whisk], move [partner, frying_pan, stove]]
	tea - hot_tea
		[pour [partner, frying_pan, mixing_bowl_1], reset [human], pour [human, tea_bowl, mixing_bowl_1], pour [human, water_bowl, mixing_bowl_1], switch [partner, stove], mix [partner, mixing_bowl_1, whisk], pour [human, mixing_bowl_1, frying_pan], move [human, frying_pan, stove]]

pour [partner, flour_bowl, mixing_bowl_1]: 80.79596653921115
switch [partner, stove]: 78.73161481422927
pour [partner, milk_bowl, mixing_bowl_1]: 86.45018233437789
pour [partner, water_bowl, mixing_bowl_1]: 86.61993847034219
pour [partner, frying_pan, mixing_bowl_1]: 86.40612357464587
NullAction [partner]: 78.09476272258868
Partner chose to wait
human scheduled actions
-partner
	pour [partner, flour_bowl, mixing_bowl_1], 0.0, 17.06219593397918
	pour [partner, frying_pan, mixing_bowl_1], 17.062195933979176, 32.96870424852462
	wait, 32.96870424852462, 47.23431417846843
	mix [partner, mixing_bowl_1, whisk], 47.23431417846843, 51.00435222421026
	wait, 51.00435222421026, 64.52769675077232
	move [partner, frying_pan, stove], 64.52769675077232, 83.87705883724088
-human
	wait, 0.0, 32.96870424852462
	pour [human, milk_bowl, mixing_bowl_1], 32.96870424852462, 47.23431417846843
	wait, 47.23431417846843, 51.00435222421026
	pour [human, mixing_bowl_1, frying_pan], 51.00435222421025, 64.52769675077232
Previous Distribution
coffee with milk - coffee_with_milk: 0.0
cereal with milk - cereal_with_milk: 0.0
pancake - pancake: 0.21428571428571427
fried egg - fried_egg: 0.21428571428571427
scrambled egg - scrambled_egg: 0.2857142857142857
chocolate milk - chocolate_milk: 0.0
tea - hot_tea: 0.2857142857142857


Current Distribution
pancake - pancake: 0.21428571428571427
fried egg - fried_egg: 0.21428571428571427
scrambled egg - scrambled_egg: 0.2857142857142857
tea - hot_tea: 0.2857142857142857


pour [partner, flour_bowl, mixing_bowl_1]
	pancake - pancake
		[pour [partner, flour_bowl, mixing_bowl_1], pour [human, milk_bowl, mixing_bowl_1], pour [partner, frying_pan, mixing_bowl_1], mix [partner, mixing_bowl_1, whisk], pour [human, mixing_bowl_1, frying_pan], move [partner, frying_pan, stove]]
	fried egg - fried_egg
		[pour [partner, flour_bowl, mixing_bowl_1], reset [human], pour [partner, butter_bowl, frying_pan], switch [partner, stove], pour [human, eggs_bowl, frying_pan], move [partner, frying_pan, stove], mix [partner, frying_pan, whisk]]
	scrambled egg - scrambled_egg
		[pour [partner, flour_bowl, mixing_bowl_1], reset [human], pour [partner, olive_oil_bowl, frying_pan], move [partner, frying_pan, stove], switch [partner, stove], move [partner, frying_pan, counter], pour [human, eggs_bowl, frying_pan], mix [partner, frying_pan, whisk], move [partner, frying_pan, stove]]
	tea - hot_tea
		[pour [partner, flour_bowl, mixing_bowl_1], reset [human], pour [human, water_bowl, mixing_bowl_1], switch [human, stove], pour [partner, tea_bowl, mixing_bowl_1], mix [human, mixing_bowl_1, whisk], pour [partner, mixing_bowl_1, frying_pan], move [human, frying_pan, stove]]

pour [partner, milk_bowl, mixing_bowl_1]
	pancake - pancake
		[pour [partner, milk_bowl, mixing_bowl_1], pour [human, frying_pan, mixing_bowl_1], pour [partner, flour_bowl, mixing_bowl_1], mix [partner, mixing_bowl_1, whisk], pour [human, mixing_bowl_1, frying_pan], move [human, frying_pan, stove]]
	fried egg - fried_egg
		[pour [partner, milk_bowl, mixing_bowl_1], reset [human], pour [partner, eggs_bowl, frying_pan], pour [partner, olive_oil_bowl, frying_pan], switch [partner, stove], move [human, frying_pan, stove], mix [partner, frying_pan, whisk]]
	scrambled egg - scrambled_egg
		[pour [partner, milk_bowl, mixing_bowl_1], reset [human], pour [partner, butter_bowl, frying_pan], move [partner, frying_pan, stove], switch [partner, stove], move [human, frying_pan, counter], pour [human, eggs_bowl, frying_pan], mix [human, frying_pan, whisk], move [partner, frying_pan, stove]]
	tea - hot_tea
		[pour [partner, milk_bowl, mixing_bowl_1], reset [human], pour [human, tea_bowl, mixing_bowl_1], switch [partner, stove], pour [partner, water_bowl, mixing_bowl_1], mix [human, mixing_bowl_1, whisk], pour [partner, mixing_bowl_1, frying_pan], move [partner, frying_pan, stove]]

pour [partner, water_bowl, mixing_bowl_1]
	pancake - pancake
		[pour [partner, water_bowl, mixing_bowl_1], reset [human], pour [human, flour_bowl, mixing_bowl_1], pour [human, eggs_bowl, mixing_bowl_1], pour [human, milk_bowl, mixing_bowl_1], mix [human, mixing_bowl_1, whisk], switch [partner, stove], pour [partner, mixing_bowl_1, frying_pan], move [human, frying_pan, stove]]
	fried egg - fried_egg
		[pour [partner, water_bowl, mixing_bowl_1], reset [human], pour [partner, eggs_bowl, frying_pan], pour [partner, butter_bowl, frying_pan], switch [partner, stove], move [partner, frying_pan, stove], mix [human, frying_pan, whisk]]
	scrambled egg - scrambled_egg
		[pour [partner, water_bowl, mixing_bowl_1], reset [human], switch [partner, stove], pour [partner, butter_bowl, frying_pan], move [partner, frying_pan, stove], move [partner, frying_pan, counter], pour [partner, eggs_bowl, frying_pan], mix [partner, frying_pan, whisk], move [human, frying_pan, stove]]
	tea - hot_tea
		[pour [partner, water_bowl, mixing_bowl_1], reset [human], pour [partner, water_bowl, mixing_bowl_1], pour [partner, tea_bowl, mixing_bowl_1], switch [partner, stove], mix [partner, mixing_bowl_1, whisk], pour [partner, mixing_bowl_1, frying_pan], move [partner, frying_pan, stove]]

move [partner, frying_pan, stove]
	pancake - pancake
		[move [partner, frying_pan, stove], reset [human], switch [human, stove], pour [human, milk_bowl, mixing_bowl_1], pour [human, eggs_bowl, mixing_bowl_1], pour [human, flour_bowl, mixing_bowl_1], mix [partner, mixing_bowl_1, whisk], pour [human, mixing_bowl_1, frying_pan], move [human, frying_pan, stove]]
	fried egg - fried_egg
		[move [partner, frying_pan, stove], reset [human], pour [partner, olive_oil_bowl, frying_pan], switch [partner, stove], pour [human, eggs_bowl, frying_pan], move [partner, frying_pan, stove], mix [human, frying_pan, whisk]]
	scrambled egg - scrambled_egg
		[move [partner, frying_pan, stove], reset [human], pour [partner, butter_bowl, frying_pan], switch [partner, stove], move [human, frying_pan, stove], move [partner, frying_pan, counter], pour [partner, eggs_bowl, frying_pan], mix [partner, frying_pan, whisk], move [human, frying_pan, stove]]
	tea - hot_tea
		[move [partner, frying_pan, stove], reset [human], pour [partner, tea_bowl, mixing_bowl_1], switch [partner, stove], pour [partner, water_bowl, mixing_bowl_1], mix [partner, mixing_bowl_1, whisk], pour [partner, mixing_bowl_1, frying_pan], move [partner, frying_pan, stove]]

pour [partner, frying_pan, mixing_bowl_1]
	pancake - pancake
		[pour [partner, frying_pan, mixing_bowl_1], pour [human, flour_bowl, mixing_bowl_1], pour [partner, milk_bowl, mixing_bowl_1], mix [partner, mixing_bowl_1, whisk], pour [human, mixing_bowl_1, frying_pan], move [human, frying_pan, stove]]
	fried egg - fried_egg
		[pour [partner, frying_pan, mixing_bowl_1], reset [human], pour [partner, eggs_bowl, frying_pan], switch [human, stove], pour [partner, olive_oil_bowl, frying_pan], move [partner, frying_pan, stove], mix [partner, frying_pan, whisk]]
	scrambled egg - scrambled_egg
		[pour [partner, frying_pan, mixing_bowl_1], reset [human], switch [human, stove], pour [human, butter_bowl, frying_pan], move [partner, frying_pan, stove], move [human, frying_pan, counter], pour [human, eggs_bowl, frying_pan], mix [partner, frying_pan, whisk], move [human, frying_pan, stove]]
	tea - hot_tea
		[pour [partner, frying_pan, mixing_bowl_1], reset [human], pour [human, tea_bowl, mixing_bowl_1], switch [partner, stove], pour [human, water_bowl, mixing_bowl_1], mix [partner, mixing_bowl_1, whisk], pour [partner, mixing_bowl_1, frying_pan], move [partner, frying_pan, stove]]

NullAction [partner]
	pancake - pancake
		[pour [partner, frying_pan, mixing_bowl_1], pour [human, flour_bowl, mixing_bowl_1], pour [partner, milk_bowl, mixing_bowl_1], mix [human, mixing_bowl_1, whisk], pour [human, mixing_bowl_1, frying_pan], move [partner, frying_pan, stove]]
	fried egg - fried_egg
		[reset [human], pour [human, eggs_bowl, frying_pan], pour [human, butter_bowl, frying_pan], switch [partner, stove], move [partner, frying_pan, stove], mix [partner, frying_pan, whisk]]
	scrambled egg - scrambled_egg
		[reset [human], switch [human, stove], pour [human, butter_bowl, frying_pan], move [partner, frying_pan, stove], move [human, frying_pan, counter], pour [human, eggs_bowl, frying_pan], mix [human, frying_pan, whisk], move [partner, frying_pan, stove]]
	tea - hot_tea
		[reset [human], pour [partner, water_bowl, mixing_bowl_1], pour [human, tea_bowl, mixing_bowl_1], switch [partner, stove], mix [partner, mixing_bowl_1, whisk], pour [partner, mixing_bowl_1, frying_pan], move [human, frying_pan, stove]]

move [partner, frying_pan, stove]: 86.48562127185608
pour [partner, flour_bowl, mixing_bowl_1]: 83.66062127185688
pour [partner, milk_bowl, mixing_bowl_1]: 86.37798605945581
pour [partner, water_bowl, mixing_bowl_1]: 83.90760401740386
pour [partner, frying_pan, mixing_bowl_1]: 83.02783786036062
NullAction [partner]: 80.00601214977651
Partner chose to wait
human scheduled actions
-partner
	pour [partner, frying_pan, mixing_bowl_1], 0.0, 16.56845486960643
	pour [partner, milk_bowl, mixing_bowl_1], 16.568454869606434, 32.444509934444895
	pour [partner, flour_bowl, mixing_bowl_1], 32.444509934444895, 49.23336515565004
	mix [partner, mixing_bowl_1, whisk], 49.23336515565004, 53.85435635571334
	wait, 53.85435635571334, 65.1268642637619
	move [partner, frying_pan, stove], 65.12686426376192, 82.3316636052084
-human
	wait, 0.0, 53.85435635571334
	pour [human, mixing_bowl_1, frying_pan], 53.854356355713335, 65.1268642637619
Previous Distribution
coffee with milk - coffee_with_milk: 0.0
cereal with milk - cereal_with_milk: 0.0
pancake - pancake: 0.21428571428571427
fried egg - fried_egg: 0.21428571428571427
scrambled egg - scrambled_egg: 0.2857142857142857
chocolate milk - chocolate_milk: 0.0
tea - hot_tea: 0.2857142857142857


Current Distribution
pancake - pancake: 0.21428571428571427
fried egg - fried_egg: 0.21428571428571427
scrambled egg - scrambled_egg: 0.2857142857142857
tea - hot_tea: 0.2857142857142857


pour [partner, flour_bowl, mixing_bowl_1]
	pancake - pancake
		[pour [partner, flour_bowl, mixing_bowl_1], pour [partner, milk_bowl, mixing_bowl_1], pour [human, frying_pan, mixing_bowl_1], mix [partner, mixing_bowl_1, whisk], pour [human, mixing_bowl_1, frying_pan], move [partner, frying_pan, stove]]
	fried egg - fried_egg
		[pour [partner, flour_bowl, mixing_bowl_1], reset [human], switch [partner, stove], pour [partner, olive_oil_bowl, frying_pan], pour [partner, eggs_bowl, frying_pan], move [human, frying_pan, stove], mix [human, frying_pan, whisk]]
	scrambled egg - scrambled_egg
		[pour [partner, flour_bowl, mixing_bowl_1], reset [human], pour [partner, butter_bowl, frying_pan], move [partner, frying_pan, stove], switch [human, stove], move [human, frying_pan, counter], pour [human, eggs_bowl, frying_pan], mix [partner, frying_pan, whisk], move [partner, frying_pan, stove]]
	tea - hot_tea
		[pour [partner, flour_bowl, mixing_bowl_1], reset [human], pour [partner, tea_bowl, mixing_bowl_1], switch [partner, stove], pour [partner, water_bowl, mixing_bowl_1], mix [partner, mixing_bowl_1, whisk], pour [human, mixing_bowl_1, frying_pan], move [human, frying_pan, stove]]

pour [partner, milk_bowl, mixing_bowl_1]
	pancake - pancake
		[pour [partner, milk_bowl, mixing_bowl_1], pour [partner, frying_pan, mixing_bowl_1], pour [partner, flour_bowl, mixing_bowl_1], mix [partner, mixing_bowl_1, whisk], pour [partner, mixing_bowl_1, frying_pan], move [partner, frying_pan, stove]]
	fried egg - fried_egg
		[pour [partner, milk_bowl, mixing_bowl_1], reset [human], pour [human, olive_oil_bowl, frying_pan], switch [human, stove], pour [human, eggs_bowl, frying_pan], move [partner, frying_pan, stove], mix [human, frying_pan, whisk]]
	scrambled egg - scrambled_egg
		[pour [partner, milk_bowl, mixing_bowl_1], reset [human], pour [partner, butter_bowl, frying_pan], switch [partner, stove], move [partner, frying_pan, stove], move [partner, frying_pan, counter], pour [partner, eggs_bowl, frying_pan], mix [human, frying_pan, whisk], move [human, frying_pan, stove]]
	tea - hot_tea
		[pour [partner, milk_bowl, mixing_bowl_1], reset [human], pour [human, tea_bowl, mixing_bowl_1], switch [partner, stove], pour [partner, water_bowl, mixing_bowl_1], mix [partner, mixing_bowl_1, whisk], pour [partner, mixing_bowl_1, frying_pan], move [partner, frying_pan, stove]]

switch [partner, stove]
	pancake - pancake
		[switch [partner, stove], switch [partner, stove], pour [partner, frying_pan, mixing_bowl_1], pour [partner, milk_bowl, mixing_bowl_1], pour [partner, flour_bowl, mixing_bowl_1], mix [partner, mixing_bowl_1, whisk], pour [partner, mixing_bowl_1, frying_pan], move [human, frying_pan, stove]]
	fried egg - fried_egg
		[switch [partner, stove], reset [human], pour [partner, olive_oil_bowl, frying_pan], pour [partner, eggs_bowl, frying_pan], switch [human, stove], move [partner, frying_pan, stove], mix [partner, frying_pan, whisk]]
	scrambled egg - scrambled_egg
		[switch [partner, stove], reset [human], pour [human, butter_bowl, frying_pan], move [human, frying_pan, stove], switch [partner, stove], move [partner, frying_pan, counter], pour [partner, eggs_bowl, frying_pan], mix [partner, frying_pan, whisk], move [partner, frying_pan, stove]]
	tea - hot_tea
		[switch [partner, stove], reset [human], switch [partner, stove], pour [human, tea_bowl, mixing_bowl_1], pour [human, water_bowl, mixing_bowl_1], mix [partner, mixing_bowl_1, whisk], pour [partner, mixing_bowl_1, frying_pan], move [human, frying_pan, stove]]

pour [partner, water_bowl, mixing_bowl_1]
	pancake - pancake
		[pour [partner, water_bowl, mixing_bowl_1], reset [human], pour [human, milk_bowl, mixing_bowl_1], pour [human, eggs_bowl, mixing_bowl_1], switch [human, stove], pour [human, flour_bowl, mixing_bowl_1], mix [partner, mixing_bowl_1, whisk], pour [partner, mixing_bowl_1, frying_pan], move [partner, frying_pan, stove]]
	fried egg - fried_egg
		[pour [partner, water_bowl, mixing_bowl_1], reset [human], pour [partner, butter_bowl, frying_pan], pour [human, eggs_bowl, frying_pan], move [human, frying_pan, stove], switch [human, stove], mix [partner, frying_pan, whisk]]
	scrambled egg - scrambled_egg
		[pour [partner, water_bowl, mixing_bowl_1], reset [human], switch [human, stove], pour [partner, olive_oil_bowl, frying_pan], move [human, frying_pan, stove], move [human, frying_pan, counter], pour [human, eggs_bowl, frying_pan], mix [partner, frying_pan, whisk], move [human, frying_pan, stove]]
	tea - hot_tea
		[pour [partner, water_bowl, mixing_bowl_1], reset [human], pour [human, water_bowl, mixing_bowl_1], switch [partner, stove], pour [partner, tea_bowl, mixing_bowl_1], mix [human, mixing_bowl_1, whisk], pour [partner, mixing_bowl_1, frying_pan], move [human, frying_pan, stove]]

pour [partner, frying_pan, mixing_bowl_1]
	pancake - pancake
		[pour [partner, frying_pan, mixing_bowl_1], pour [partner, milk_bowl, mixing_bowl_1], pour [partner, flour_bowl, mixing_bowl_1], mix [partner, mixing_bowl_1, whisk], pour [partner, mixing_bowl_1, frying_pan], move [human, frying_pan, stove]]
	fried egg - fried_egg
		[pour [partner, frying_pan, mixing_bowl_1], reset [human], pour [human, olive_oil_bowl, frying_pan], switch [partner, stove], pour [human, eggs_bowl, frying_pan], move [partner, frying_pan, stove], mix [partner, frying_pan, whisk]]
	scrambled egg - scrambled_egg
		[pour [partner, frying_pan, mixing_bowl_1], reset [human], pour [human, olive_oil_bowl, frying_pan], switch [partner, stove], move [partner, frying_pan, stove], move [human, frying_pan, counter], pour [human, eggs_bowl, frying_pan], mix [human, frying_pan, whisk], move [partner, frying_pan, stove]]
	tea - hot_tea
		[pour [partner, frying_pan, mixing_bowl_1], reset [human], pour [human, water_bowl, mixing_bowl_1], pour [partner, tea_bowl, mixing_bowl_1], mix [human, mixing_bowl_1, whisk], switch [human, stove], pour [partner, mixing_bowl_1, frying_pan], move [partner, frying_pan, stove]]

NullAction [partner]
	pancake - pancake
		[pour [human, frying_pan, mixing_bowl_1], pour [partner, milk_bowl, mixing_bowl_1], pour [partner, flour_bowl, mixing_bowl_1], mix [human, mixing_bowl_1, whisk], pour [partner, mixing_bowl_1, frying_pan], move [human, frying_pan, stove]]
	fried egg - fried_egg
		[reset [human], switch [human, stove], pour [human, butter_bowl, frying_pan], pour [partner, eggs_bowl, frying_pan], move [partner, frying_pan, stove], mix [partner, frying_pan, whisk]]
	scrambled egg - scrambled_egg
		[reset [human], pour [human, olive_oil_bowl, frying_pan], switch [human, stove], move [partner, frying_pan, stove], move [partner, frying_pan, counter], pour [human, eggs_bowl, frying_pan], mix [human, frying_pan, whisk], move [partner, frying_pan, stove]]
	tea - hot_tea
		[reset [human], pour [human, water_bowl, mixing_bowl_1], switch [human, stove], pour [human, tea_bowl, mixing_bowl_1], mix [partner, mixing_bowl_1, whisk], pour [human, mixing_bowl_1, frying_pan], move [partner, frying_pan, stove]]

pour [partner, flour_bowl, mixing_bowl_1]: 85.50665012507503
switch [partner, stove]: 81.08748861788487
pour [partner, milk_bowl, mixing_bowl_1]: 82.66419270042752
pour [partner, water_bowl, mixing_bowl_1]: 91.19383515933193
pour [partner, frying_pan, mixing_bowl_1]: 86.40612357464587
NullAction [partner]: 79.22039714885031
Partner chose to wait
human scheduled actions
-partner
	pour [partner, frying_pan, mixing_bowl_1], 0.0, 15.68776398844465
	pour [partner, milk_bowl, mixing_bowl_1], 15.687763988444647, 33.69416100404401
	wait, 33.69416100404401, 51.04426876836361
	mix [partner, mixing_bowl_1, whisk], 51.04426876836361, 55.042471747006346
	wait, 55.042471747006346, 66.05585838695482
	move [partner, frying_pan, stove], 66.05585838695482, 82.48992147453711
-human
	wait, 0.0, 33.69416100404401
	pour [human, flour_bowl, mixing_bowl_1], 33.694161004044005, 51.04426876836361
	wait, 51.04426876836361, 55.042471747006346
	pour [human, mixing_bowl_1, frying_pan], 55.04247174700634, 66.05585838695482
Previous Distribution
coffee with milk - coffee_with_milk: 0.0
cereal with milk - cereal_with_milk: 0.0
pancake - pancake: 0.21428571428571427
fried egg - fried_egg: 0.21428571428571427
scrambled egg - scrambled_egg: 0.2857142857142857
chocolate milk - chocolate_milk: 0.0
tea - hot_tea: 0.2857142857142857


Current Distribution
pancake - pancake: 0.21428571428571427
fried egg - fried_egg: 0.21428571428571427
scrambled egg - scrambled_egg: 0.2857142857142857
tea - hot_tea: 0.2857142857142857


pour [partner, milk_bowl, mixing_bowl_1]
	pancake - pancake
		[pour [partner, milk_bowl, mixing_bowl_1], pour [human, frying_pan, mixing_bowl_1], pour [human, flour_bowl, mixing_bowl_1], mix [partner, mixing_bowl_1, whisk], pour [human, mixing_bowl_1, frying_pan], move [partner, frying_pan, stove]]
	fried egg - fried_egg
		[pour [partner, milk_bowl, mixing_bowl_1], reset [human], pour [partner, olive_oil_bowl, frying_pan], switch [partner, stove], pour [human, eggs_bowl, frying_pan], move [partner, frying_pan, stove], mix [partner, frying_pan, whisk]]
	scrambled egg - scrambled_egg
		[pour [partner, milk_bowl, mixing_bowl_1], reset [human], pour [partner, olive_oil_bowl, frying_pan], move [human, frying_pan, stove], switch [human, stove], move [partner, frying_pan, counter], pour [human, eggs_bowl, frying_pan], mix [human, frying_pan, whisk], move [human, frying_pan, stove]]
	tea - hot_tea
		[pour [partner, milk_bowl, mixing_bowl_1], reset [human], pour [human, tea_bowl, mixing_bowl_1], pour [human, water_bowl, mixing_bowl_1], switch [partner, stove], mix [partner, mixing_bowl_1, whisk], pour [human, mixing_bowl_1, frying_pan], move [partner, frying_pan, stove]]

pour [partner, flour_bowl, mixing_bowl_1]
	pancake - pancake
		[pour [partner, flour_bowl, mixing_bowl_1], pour [partner, milk_bowl, mixing_bowl_1], pour [partner, frying_pan, mixing_bowl_1], mix [partner, mixing_bowl_1, whisk], pour [human, mixing_bowl_1, frying_pan], move [partner, frying_pan, stove]]
	fried egg - fried_egg
		[pour [partner, flour_bowl, mixing_bowl_1], reset [human], switch [human, stove], pour [partner, olive_oil_bowl, frying_pan], pour [human, eggs_bowl, frying_pan], move [human, frying_pan, stove], mix [partner, frying_pan, whisk]]
	scrambled egg - scrambled_egg
		[pour [partner, flour_bowl, mixing_bowl_1], reset [human], pour [partner, butter_bowl, frying_pan], move [partner, frying_pan, stove], switch [partner, stove], move [human, frying_pan, counter], pour [partner, eggs_bowl, frying_pan], mix [partner, frying_pan, whisk], move [human, frying_pan, stove]]
	tea - hot_tea
		[pour [partner, flour_bowl, mixing_bowl_1], reset [human], pour [partner, tea_bowl, mixing_bowl_1], pour [partner, water_bowl, mixing_bowl_1], switch [partner, stove], mix [human, mixing_bowl_1, whisk], pour [human, mixing_bowl_1, frying_pan], move [partner, frying_pan, stove]]

pour [partner, frying_pan, mixing_bowl_1]
	pancake - pancake
		[pour [partner, frying_pan, mixing_bowl_1], pour [human, milk_bowl, mixing_bowl_1], pour [human, flour_bowl, mixing_bowl_1], mix [human, mixing_bowl_1, whisk], pour [human, mixing_bowl_1, frying_pan], move [human, frying_pan, stove]]
	fried egg - fried_egg
		[pour [partner, frying_pan, mixing_bowl_1], reset [human], pour [partner, butter_bowl, frying_pan], pour [partner, eggs_bowl, frying_pan], move [human, frying_pan, stove], switch [human, stove], mix [partner, frying_pan, whisk]]
	scrambled egg - scrambled_egg
		[pour [partner, frying_pan, mixing_bowl_1], reset [human], switch [partner, stove], pour [human, butter_bowl, frying_pan], move [partner, frying_pan, stove], move [partner, frying_pan, counter], pour [human, eggs_bowl, frying_pan], mix [human, frying_pan, whisk], move [partner, frying_pan, stove]]
	tea - hot_tea
		[pour [partner, frying_pan, mixing_bowl_1], reset [human], pour [human, tea_bowl, mixing_bowl_1], pour [partner, water_bowl, mixing_bowl_1], mix [partner, mixing_bowl_1, whisk], switch [human, stove], pour [human, mixing_bowl_1, frying_pan], move [partner, frying_pan, stove]]

switch [partner, stove]
	pancake - pancake
		[switch [partner, stove], switch [human, stove], pour [human, frying_pan, mixing_bowl_1], pour [partner, milk_bowl, mixing_bowl_1], pour [partner, flour_bowl, mixing_bowl_1], mix [partner, mixing_bowl_1, whisk], pour [partner, mixing_bowl_1, frying_pan], move [partner, frying_pan, stove]]
	fried egg - fried_egg
		[switch [partner, stove], reset [human], pour [partner, butter_bowl, frying_pan], pour [human, eggs_bowl, frying_pan], switch [human, stove], move [partner, frying_pan, stove], mix [partner, frying_pan, whisk]]
	scrambled egg - scrambled_egg
		[switch [partner, stove], reset [human], pour [partner, olive_oil_bowl, frying_pan], switch [partner, stove], move [human, frying_pan, stove], move [partner, frying_pan, counter], pour [human, eggs_bowl, frying_pan], mix [partner, frying_pan, whisk], move [partner, frying_pan, stove]]
	tea - hot_tea
		[switch [partner, stove], reset [human], switch [partner, stove], pour [partner, tea_bowl, mixing_bowl_1], pour [human, water_bowl, mixing_bowl_1], mix [partner, mixing_bowl_1, whisk], pour [partner, mixing_bowl_1, frying_pan], move [human, frying_pan, stove]]

NullAction [partner]
	pancake - pancake
		[pour [human, frying_pan, mixing_bowl_1], pour [human, flour_bowl, mixing_bowl_1], pour [human, milk_bowl, mixing_bowl_1], mix [human, mixing_bowl_1, whisk], pour [human, mixing_bowl_1, frying_pan], move [partner, frying_pan, stove]]
	fried egg - fried_egg
		[reset [human], pour [partner, olive_oil_bowl, frying_pan], pour [human, eggs_bowl, frying_pan], switch [partner, stove], move [partner, frying_pan, stove], mix [partner, frying_pan, whisk]]
	scrambled egg - scrambled_egg
		[reset [human], pour [partner, butter_bowl, frying_pan], move [human, frying_pan, stove], switch [partner, stove], move [partner, frying_pan, counter], pour [partner, eggs_bowl, frying_pan], mix [partner, frying_pan, whisk], move [human, frying_pan, stove]]
	tea - hot_tea
		[reset [human], pour [human, water_bowl, mixing_bowl_1], pour [partner, tea_bowl, mixing_bowl_1], mix [partner, mixing_bowl_1, whisk], pour [partner, mixing_bowl_1, frying_pan], move [partner, frying_pan, stove], switch [human, stove]]

pour [partner, flour_bowl, mixing_bowl_1]: 84.19429582159
switch [partner, stove]: 81.08748861788487
pour [partner, milk_bowl, mixing_bowl_1]: 81.3518383969425
pour [partner, frying_pan, mixing_bowl_1]: 82.11880695444881
NullAction [partner]: 82.17783786036169
Executing action switch [partner, stove], 73.23138217285819, 81.46796498749424
Executing action wait [human] 73.23138217285819, 81.46796498749424
human scheduled actions
-partner
	pour [partner, flour_bowl, mixing_bowl_1], 0.0, 15.567575250581564
	switch [partner, stove], 15.567575250581562, 23.971028835937886
	wait, 23.971028835937886, 46.36905013456403
	mix [partner, mixing_bowl_1, whisk], 46.36905013456403, 50.743127332428216
	wait, 50.743127332428216, 62.81610800019724
	move [partner, frying_pan, stove], 62.81610800019723, 81.34575957622222
-human
	wait, 0.0, 15.567575250581564
	pour [human, frying_pan, mixing_bowl_1], 15.567575250581562, 32.15731779954885
	pour [human, milk_bowl, mixing_bowl_1], 32.15731779954885, 46.36905013456403
	wait, 46.36905013456403, 50.743127332428216
	pour [human, mixing_bowl_1, frying_pan], 50.743127332428216, 62.81610800019724
Previous Distribution
coffee with milk - coffee_with_milk: 0.0
cereal with milk - cereal_with_milk: 0.0
pancake - pancake: 0.21428571428571427
fried egg - fried_egg: 0.21428571428571427
scrambled egg - scrambled_egg: 0.2857142857142857
chocolate milk - chocolate_milk: 0.0
tea - hot_tea: 0.2857142857142857


Current Distribution
pancake - pancake: 0.21428571428571427
fried egg - fried_egg: 0.21428571428571427
scrambled egg - scrambled_egg: 0.2857142857142857
tea - hot_tea: 0.2857142857142857


switch [partner, stove]
	pancake - pancake
		[switch [partner, stove], pour [partner, frying_pan, mixing_bowl_1], pour [human, flour_bowl, mixing_bowl_1], pour [partner, milk_bowl, mixing_bowl_1], mix [partner, mixing_bowl_1, whisk], pour [partner, mixing_bowl_1, frying_pan], move [human, frying_pan, stove]]
	fried egg - fried_egg
		[switch [partner, stove], reset [human], pour [partner, butter_bowl, frying_pan], pour [human, eggs_bowl, frying_pan], move [partner, frying_pan, stove], switch [partner, stove], mix [partner, frying_pan, whisk]]
	scrambled egg - scrambled_egg
		[switch [partner, stove], reset [human], pour [partner, olive_oil_bowl, frying_pan], move [human, frying_pan, stove], switch [partner, stove], move [human, frying_pan, counter], pour [human, eggs_bowl, frying_pan], mix [human, frying_pan, whisk], move [partner, frying_pan, stove]]
	tea - hot_tea
		[switch [partner, stove], reset [human], switch [partner, stove], pour [partner, water_bowl, mixing_bowl_1], pour [partner, tea_bowl, mixing_bowl_1], mix [partner, mixing_bowl_1, whisk], pour [human, mixing_bowl_1, frying_pan], move [partner, frying_pan, stove]]

pour [partner, flour_bowl, mixing_bowl_1]
	pancake - pancake
		[pour [partner, flour_bowl, mixing_bowl_1], switch [partner, stove], pour [human, frying_pan, mixing_bowl_1], pour [partner, milk_bowl, mixing_bowl_1], mix [partner, mixing_bowl_1, whisk], pour [partner, mixing_bowl_1, frying_pan], move [human, frying_pan, stove]]
	fried egg - fried_egg
		[pour [partner, flour_bowl, mixing_bowl_1], reset [human], pour [partner, butter_bowl, frying_pan], switch [human, stove], pour [partner, eggs_bowl, frying_pan], move [human, frying_pan, stove], mix [human, frying_pan, whisk]]
	scrambled egg - scrambled_egg
		[pour [partner, flour_bowl, mixing_bowl_1], reset [human], switch [human, stove], pour [partner, olive_oil_bowl, frying_pan], move [human, frying_pan, stove], move [partner, frying_pan, counter], pour [human, eggs_bowl, frying_pan], mix [partner, frying_pan, whisk], move [human, frying_pan, stove]]
	tea - hot_tea
		[pour [partner, flour_bowl, mixing_bowl_1], reset [human], pour [human, water_bowl, mixing_bowl_1], switch [human, stove], pour [partner, tea_bowl, mixing_bowl_1], mix [human, mixing_bowl_1, whisk], pour [partner, mixing_bowl_1, frying_pan], move [human, frying_pan, stove]]

pour [partner, tea_bowl, mixing_bowl_1]
	pancake - pancake
		[pour [partner, tea_bowl, mixing_bowl_1], reset [human], pour [partner, milk_bowl, mixing_bowl_1], pour [partner, eggs_bowl, mixing_bowl_1], pour [partner, flour_bowl, mixing_bowl_1], switch [partner, stove], mix [partner, mixing_bowl_1, whisk], pour [partner, mixing_bowl_1, frying_pan], move [partner, frying_pan, stove]]
	fried egg - fried_egg
		[pour [partner, tea_bowl, mixing_bowl_1], reset [human], pour [human, olive_oil_bowl, frying_pan], switch [partner, stove], pour [partner, eggs_bowl, frying_pan], move [partner, frying_pan, stove], mix [partner, frying_pan, whisk]]
	scrambled egg - scrambled_egg
		[pour [partner, tea_bowl, mixing_bowl_1], reset [human], switch [partner, stove], pour [partner, butter_bowl, frying_pan], move [human, frying_pan, stove], move [human, frying_pan, counter], pour [human, eggs_bowl, frying_pan], mix [human, frying_pan, whisk], move [human, frying_pan, stove]]
	tea - hot_tea
		[pour [partner, tea_bowl, mixing_bowl_1], reset [human], pour [human, tea_bowl, mixing_bowl_1], pour [human, water_bowl, mixing_bowl_1], mix [partner, mixing_bowl_1, whisk], pour [partner, mixing_bowl_1, frying_pan], move [human, frying_pan, stove], switch [human, stove]]

pour [partner, butter_bowl, frying_pan]
	pancake - pancake
		[pour [partner, butter_bowl, frying_pan], reset [human], pour [partner, eggs_bowl, mixing_bowl_1], pour [human, flour_bowl, mixing_bowl_1], pour [partner, milk_bowl, mixing_bowl_1], mix [partner, mixing_bowl_1, whisk], pour [partner, mixing_bowl_1, frying_pan], move [human, frying_pan, stove], switch [human, stove]]
	fried egg - fried_egg
		[pour [partner, butter_bowl, frying_pan], switch [partner, stove], move [human, frying_pan, stove], mix [human, frying_pan, whisk]]
	scrambled egg - scrambled_egg
		[pour [partner, butter_bowl, frying_pan], reset [human], switch [human, stove], pour [partner, olive_oil_bowl, frying_pan], move [partner, frying_pan, stove], move [human, frying_pan, counter], pour [human, eggs_bowl, frying_pan], mix [partner, frying_pan, whisk], move [human, frying_pan, stove]]
	tea - hot_tea
		[pour [partner, butter_bowl, frying_pan], reset [human], pour [partner, tea_bowl, mixing_bowl_1], pour [partner, water_bowl, mixing_bowl_1], mix [human, mixing_bowl_1, whisk], switch [partner, stove], pour [human, mixing_bowl_1, frying_pan], move [partner, frying_pan, stove]]

pour [partner, milk_bowl, mixing_bowl_1]
	pancake - pancake
		[pour [partner, milk_bowl, mixing_bowl_1], pour [partner, flour_bowl, mixing_bowl_1], switch [human, stove], pour [human, frying_pan, mixing_bowl_1], mix [human, mixing_bowl_1, whisk], pour [partner, mixing_bowl_1, frying_pan], move [partner, frying_pan, stove]]
	fried egg - fried_egg
		[pour [partner, milk_bowl, mixing_bowl_1], reset [human], pour [partner, eggs_bowl, frying_pan], pour [human, olive_oil_bowl, frying_pan], switch [human, stove], move [partner, frying_pan, stove], mix [human, frying_pan, whisk]]
	scrambled egg - scrambled_egg
		[pour [partner, milk_bowl, mixing_bowl_1], reset [human], pour [partner, butter_bowl, frying_pan], move [partner, frying_pan, stove], switch [human, stove], move [human, frying_pan, counter], pour [human, eggs_bowl, frying_pan], mix [human, frying_pan, whisk], move [partner, frying_pan, stove]]
	tea - hot_tea
		[pour [partner, milk_bowl, mixing_bowl_1], reset [human], pour [partner, tea_bowl, mixing_bowl_1], switch [partner, stove], pour [human, water_bowl, mixing_bowl_1], mix [partner, mixing_bowl_1, whisk], pour [human, mixing_bowl_1, frying_pan], move [human, frying_pan, stove]]

pour [partner, frying_pan, mixing_bowl_1]
	pancake - pancake
		[pour [partner, frying_pan, mixing_bowl_1], switch [human, stove], pour [human, flour_bowl, mixing_bowl_1], pour [human, milk_bowl, mixing_bowl_1], mix [partner, mixing_bowl_1, whisk], pour [partner, mixing_bowl_1, frying_pan], move [partner, frying_pan, stove]]
	fried egg - fried_egg
		[pour [partner, frying_pan, mixing_bowl_1], reset [human], pour [human, butter_bowl, frying_pan], pour [human, eggs_bowl, frying_pan], switch [human, stove], move [human, frying_pan, stove], mix [partner, frying_pan, whisk]]
	scrambled egg - scrambled_egg
		[pour [partner, frying_pan, mixing_bowl_1], reset [human], pour [partner, butter_bowl, frying_pan], move [partner, frying_pan, stove], switch [human, stove], move [human, frying_pan, counter], pour [partner, eggs_bowl, frying_pan], mix [human, frying_pan, whisk], move [human, frying_pan, stove]]
	tea - hot_tea
		[pour [partner, frying_pan, mixing_bowl_1], reset [human], pour [partner, water_bowl, mixing_bowl_1], switch [partner, stove], pour [partner, tea_bowl, mixing_bowl_1], mix [human, mixing_bowl_1, whisk], pour [partner, mixing_bowl_1, frying_pan], move [partner, frying_pan, stove]]

NullAction [partner]
	pancake - pancake
		[pour [partner, frying_pan, mixing_bowl_1], pour [human, milk_bowl, mixing_bowl_1], pour [human, flour_bowl, mixing_bowl_1], switch [partner, stove], mix [partner, mixing_bowl_1, whisk], pour [human, mixing_bowl_1, frying_pan], move [human, frying_pan, stove]]
	fried egg - fried_egg
		[reset [human], pour [human, butter_bowl, frying_pan], pour [human, eggs_bowl, frying_pan], move [human, frying_pan, stove], switch [human, stove], mix [human, frying_pan, whisk]]
	scrambled egg - scrambled_egg
		[reset [human], pour [human, butter_bowl, frying_pan], move [human, frying_pan, stove], switch [partner, stove], move [partner, frying_pan, counter], pour [partner, eggs_bowl, frying_pan], mix [partner, frying_pan, whisk], move [human, frying_pan, stove]]
	tea - hot_tea
		[reset [human], pour [partner, tea_bowl, mixing_bowl_1], pour [human, water_bowl, mixing_bowl_1], mix [human, mixing_bowl_1, whisk], pour [human, mixing_bowl_1, frying_pan], switch [human, stove], move [human, frying_pan, stove]]

pour [partner, flour_bowl, mixing_bowl_1]: 87.29362686489489
switch [partner, stove]: 78.81911316210574
pour [partner, butter_bowl, frying_pan]: 83.04184466247106
pour [partner, tea_bowl, mixing_bowl_1]: 87.22068810543706
pour [partner, milk_bowl, mixing_bowl_1]: 86.13909083658453
pour [partner, frying_pan, mixing_bowl_1]: 82.53563502950527
NullAction [partner]: 83.80670714330056
Executing action switch [partner, stove], 81.46796498749424, 89.29894692630712
Executing action wait [human] 81.46796498749424, 89.29894692630712
human scheduled actions
-partner
	pour [partner, flour_bowl, mixing_bowl_1], 0.0, 15.784620785224288
	wait, 15.784620785224288, 47.553089632147596
	mix [partner, mixing_bowl_1, whisk], 47.553089632147596, 51.81303558608477
	wait, 51.81303558608477, 64.68634046938135
	move [partner, frying_pan, stove], 64.68634046938135, 81.90154782119369
-human
	wait, 0.0, 15.784620785224288
	pour [human, frying_pan, mixing_bowl_1], 15.784620785224288, 31.908921439701757
	pour [human, milk_bowl, mixing_bowl_1], 31.908921439701757, 47.553089632147596
	wait, 47.553089632147596, 51.81303558608477
	pour [human, mixing_bowl_1, frying_pan], 51.81303558608478, 64.68634046938135
Previous Distribution
coffee with milk - coffee_with_milk: 0.0
cereal with milk - cereal_with_milk: 0.0
pancake - pancake: 0.21428571428571427
fried egg - fried_egg: 0.21428571428571427
scrambled egg - scrambled_egg: 0.2857142857142857
chocolate milk - chocolate_milk: 0.0
tea - hot_tea: 0.2857142857142857


Current Distribution
pancake - pancake: 0.21428571428571427
fried egg - fried_egg: 0.21428571428571427
scrambled egg - scrambled_egg: 0.2857142857142857
tea - hot_tea: 0.2857142857142857


pour [partner, flour_bowl, mixing_bowl_1]
	pancake - pancake
		[pour [partner, flour_bowl, mixing_bowl_1], pour [partner, frying_pan, mixing_bowl_1], pour [human, milk_bowl, mixing_bowl_1], mix [human, mixing_bowl_1, whisk], pour [human, mixing_bowl_1, frying_pan], move [partner, frying_pan, stove]]
	fried egg - fried_egg
		[pour [partner, flour_bowl, mixing_bowl_1], reset [human], pour [human, butter_bowl, frying_pan], switch [human, stove], pour [partner, eggs_bowl, frying_pan], move [human, frying_pan, stove], mix [partner, frying_pan, whisk]]
	scrambled egg - scrambled_egg
		[pour [partner, flour_bowl, mixing_bowl_1], reset [human], pour [human, olive_oil_bowl, frying_pan], switch [human, stove], move [human, frying_pan, stove], move [human, frying_pan, counter], pour [partner, eggs_bowl, frying_pan], mix [human, frying_pan, whisk], move [human, frying_pan, stove]]
	tea - hot_tea
		[pour [partner, flour_bowl, mixing_bowl_1], reset [human], switch [partner, stove], pour [human, tea_bowl, mixing_bowl_1], pour [human, water_bowl, mixing_bowl_1], mix [human, mixing_bowl_1, whisk], pour [partner, mixing_bowl_1, frying_pan], move [human, frying_pan, stove]]

pour [partner, milk_bowl, mixing_bowl_1]
	pancake - pancake
		[pour [partner, milk_bowl, mixing_bowl_1], pour [partner, flour_bowl, mixing_bowl_1], pour [human, frying_pan, mixing_bowl_1], mix [human, mixing_bowl_1, whisk], pour [partner, mixing_bowl_1, frying_pan], move [partner, frying_pan, stove]]
	fried egg - fried_egg
		[pour [partner, milk_bowl, mixing_bowl_1], reset [human], pour [partner, olive_oil_bowl, frying_pan], pour [partner, eggs_bowl, frying_pan], move [human, frying_pan, stove], switch [partner, stove], mix [partner, frying_pan, whisk]]
	scrambled egg - scrambled_egg
		[pour [partner, milk_bowl, mixing_bowl_1], reset [human], pour [human, butter_bowl, frying_pan], switch [partner, stove], move [partner, frying_pan, stove], move [human, frying_pan, counter], pour [partner, eggs_bowl, frying_pan], mix [human, frying_pan, whisk], move [partner, frying_pan, stove]]
	tea - hot_tea
		[pour [partner, milk_bowl, mixing_bowl_1], reset [human], pour [human, water_bowl, mixing_bowl_1], switch [human, stove], pour [human, tea_bowl, mixing_bowl_1], mix [partner, mixing_bowl_1, whisk], pour [partner, mixing_bowl_1, frying_pan], move [human, frying_pan, stove]]

pour [partner, butter_bowl, frying_pan]
	pancake - pancake
		[pour [partner, butter_bowl, frying_pan], reset [human], pour [human, eggs_bowl, mixing_bowl_1], pour [partner, flour_bowl, mixing_bowl_1], pour [human, milk_bowl, mixing_bowl_1], switch [partner, stove], mix [human, mixing_bowl_1, whisk], pour [human, mixing_bowl_1, frying_pan], move [human, frying_pan, stove]]
	fried egg - fried_egg
		[pour [partner, butter_bowl, frying_pan], move [partner, frying_pan, stove], mix [human, frying_pan, whisk]]
	scrambled egg - scrambled_egg
		[pour [partner, butter_bowl, frying_pan], reset [human], switch [partner, stove], pour [human, butter_bowl, frying_pan], move [partner, frying_pan, stove], move [human, frying_pan, counter], pour [partner, eggs_bowl, frying_pan], mix [partner, frying_pan, whisk], move [human, frying_pan, stove]]
	tea - hot_tea
		[pour [partner, butter_bowl, frying_pan], reset [human], switch [partner, stove], pour [partner, water_bowl, mixing_bowl_1], pour [partner, tea_bowl, mixing_bowl_1], mix [human, mixing_bowl_1, whisk], pour [human, mixing_bowl_1, frying_pan], move [human, frying_pan, stove]]

switch [partner, stove]
	pancake - pancake
		[switch [partner, stove], pour [human, frying_pan, mixing_bowl_1], pour [human, flour_bowl, mixing_bowl_1], pour [human, milk_bowl, mixing_bowl_1], switch [human, stove], mix [partner, mixing_bowl_1, whisk], pour [human, mixing_bowl_1, frying_pan], move [human, frying_pan, stove]]
	fried egg - fried_egg
		[switch [partner, stove], reset [human], pour [partner, eggs_bowl, frying_pan], pour [human, olive_oil_bowl, frying_pan], switch [human, stove], move [partner, frying_pan, stove], mix [human, frying_pan, whisk]]
	scrambled egg - scrambled_egg
		[switch [partner, stove], reset [human], pour [human, butter_bowl, frying_pan], switch [partner, stove], move [human, frying_pan, stove], move [partner, frying_pan, counter], pour [human, eggs_bowl, frying_pan], mix [partner, frying_pan, whisk], move [partner, frying_pan, stove]]
	tea - hot_tea
		[switch [partner, stove], reset [human], pour [human, tea_bowl, mixing_bowl_1], switch [human, stove], pour [partner, water_bowl, mixing_bowl_1], mix [human, mixing_bowl_1, whisk], pour [partner, mixing_bowl_1, frying_pan], move [human, frying_pan, stove]]

pour [partner, frying_pan, mixing_bowl_1]
	pancake - pancake
		[pour [partner, frying_pan, mixing_bowl_1], pour [human, flour_bowl, mixing_bowl_1], pour [human, milk_bowl, mixing_bowl_1], mix [human, mixing_bowl_1, whisk], pour [partner, mixing_bowl_1, frying_pan], move [human, frying_pan, stove]]
	fried egg - fried_egg
		[pour [partner, frying_pan, mixing_bowl_1], reset [human], pour [human, butter_bowl, frying_pan], pour [partner, eggs_bowl, frying_pan], move [partner, frying_pan, stove], switch [partner, stove], mix [human, frying_pan, whisk]]
	scrambled egg - scrambled_egg
		[pour [partner, frying_pan, mixing_bowl_1], reset [human], pour [partner, olive_oil_bowl, frying_pan], move [human, frying_pan, stove], switch [human, stove], move [human, frying_pan, counter], pour [partner, eggs_bowl, frying_pan], mix [human, frying_pan, whisk], move [human, frying_pan, stove]]
	tea - hot_tea
		[pour [partner, frying_pan, mixing_bowl_1], reset [human], switch [partner, stove], pour [partner, water_bowl, mixing_bowl_1], pour [human, tea_bowl, mixing_bowl_1], mix [partner, mixing_bowl_1, whisk], pour [partner, mixing_bowl_1, frying_pan], move [partner, frying_pan, stove]]

NullAction [partner]
	pancake - pancake
		[pour [human, frying_pan, mixing_bowl_1], pour [partner, milk_bowl, mixing_bowl_1], pour [human, flour_bowl, mixing_bowl_1], mix [partner, mixing_bowl_1, whisk], pour [partner, mixing_bowl_1, frying_pan], move [human, frying_pan, stove]]
	fried egg - fried_egg
		[reset [human], pour [human, olive_oil_bowl, frying_pan], pour [partner, eggs_bowl, frying_pan], move [partner, frying_pan, stove], switch [human, stove], mix [partner, frying_pan, whisk]]
	scrambled egg - scrambled_egg
		[reset [human], switch [partner, stove], pour [human, olive_oil_bowl, frying_pan], move [partner, frying_pan, stove], move [partner, frying_pan, counter], pour [human, eggs_bowl, frying_pan], mix [human, frying_pan, whisk], move [human, frying_pan, stove]]
	tea - hot_tea
		[reset [human], switch [partner, stove], pour [human, water_bowl, mixing_bowl_1], pour [human, tea_bowl, mixing_bowl_1], mix [human, mixing_bowl_1, whisk], pour [human, mixing_bowl_1, frying_pan], move [human, frying_pan, stove]]

pour [partner, flour_bowl, mixing_bowl_1]: 82.02798863850937
switch [partner, stove]: 79.93304011212231
pour [partner, butter_bowl, frying_pan]: 76.95182922909632
pour [partner, milk_bowl, mixing_bowl_1]: 85.66843340981686
pour [partner, frying_pan, mixing_bowl_1]: 87.73469500321838
NullAction [partner]: 75.86610883777858
Partner chose to wait
human scheduled actions
-partner
	pour [partner, frying_pan, mixing_bowl_1], 0.0, 15.633341830494134
	pour [partner, flour_bowl, mixing_bowl_1], 15.633341830494132, 32.63615714540153
	pour [partner, milk_bowl, mixing_bowl_1], 32.63615714540154, 48.68252508441847
	mix [partner, mixing_bowl_1, whisk], 48.68252508441847, 52.61636639050348
	wait, 52.61636639050348, 64.65798482999409
	move [partner, frying_pan, stove], 64.65798482999409, 82.21661909872472
-human
	wait, 0.0, 52.61636639050348
	pour [human, mixing_bowl_1, frying_pan], 52.61636639050347, 64.65798482999409
Previous Distribution
coffee with milk - coffee_with_milk: 0.0
cereal with milk - cereal_with_milk: 0.0
pancake - pancake: 0.21428571428571427
fried egg - fried_egg: 0.21428571428571427
scrambled egg - scrambled_egg: 0.2857142857142857
chocolate milk - chocolate_milk: 0.0
tea - hot_tea: 0.2857142857142857


Current Distribution
pancake - pancake: 0.21428571428571427
fried egg - fried_egg: 0.21428571428571427
scrambled egg - scrambled_egg: 0.2857142857142857
tea - hot_tea: 0.2857142857142857


pour [partner, milk_bowl, mixing_bowl_1]
	pancake - pancake
		[pour [partner, milk_bowl, mixing_bowl_1], pour [human, flour_bowl, mixing_bowl_1], pour [human, frying_pan, mixing_bowl_1], mix [partner, mixing_bowl_1, whisk], pour [partner, mixing_bowl_1, frying_pan], move [partner, frying_pan, stove]]
	fried egg - fried_egg
		[pour [partner, milk_bowl, mixing_bowl_1], reset [human], pour [partner, olive_oil_bowl, frying_pan], switch [human, stove], pour [human, eggs_bowl, frying_pan], move [partner, frying_pan, stove], mix [human, frying_pan, whisk]]
	scrambled egg - scrambled_egg
		[pour [partner, milk_bowl, mixing_bowl_1], reset [human], switch [human, stove], pour [human, butter_bowl, frying_pan], move [human, frying_pan, stove], move [human, frying_pan, counter], pour [partner, eggs_bowl, frying_pan], mix [partner, frying_pan, whisk], move [human, frying_pan, stove]]
	tea - hot_tea
		[pour [partner, milk_bowl, mixing_bowl_1], reset [human], pour [partner, tea_bowl, mixing_bowl_1], switch [partner, stove], pour [human, water_bowl, mixing_bowl_1], mix [partner, mixing_bowl_1, whisk], pour [partner, mixing_bowl_1, frying_pan], move [human, frying_pan, stove]]

pour [partner, flour_bowl, mixing_bowl_1]
	pancake - pancake
		[pour [partner, flour_bowl, mixing_bowl_1], pour [partner, frying_pan, mixing_bowl_1], pour [partner, milk_bowl, mixing_bowl_1], mix [human, mixing_bowl_1, whisk], pour [partner, mixing_bowl_1, frying_pan], move [human, frying_pan, stove]]
	fried egg - fried_egg
		[pour [partner, flour_bowl, mixing_bowl_1], reset [human], pour [human, butter_bowl, frying_pan], pour [human, eggs_bowl, frying_pan], switch [partner, stove], move [human, frying_pan, stove], mix [human, frying_pan, whisk]]
	scrambled egg - scrambled_egg
		[pour [partner, flour_bowl, mixing_bowl_1], reset [human], pour [human, olive_oil_bowl, frying_pan], switch [partner, stove], move [human, frying_pan, stove], move [partner, frying_pan, counter], pour [partner, eggs_bowl, frying_pan], mix [partner, frying_pan, whisk], move [human, frying_pan, stove]]
	tea - hot_tea
		[pour [partner, flour_bowl, mixing_bowl_1], reset [human], pour [partner, tea_bowl, mixing_bowl_1], pour [partner, water_bowl, mixing_bowl_1], mix [human, mixing_bowl_1, whisk], switch [human, stove], pour [partner, mixing_bowl_1, frying_pan], move [human, frying_pan, stove]]

switch [partner, stove]
	pancake - pancake
		[switch [partner, stove], pour [partner, frying_pan, mixing_bowl_1], switch [partner, stove], pour [partner, milk_bowl, mixing_bowl_1], pour [partner, flour_bowl, mixing_bowl_1], mix [partner, mixing_bowl_1, whisk], pour [human, mixing_bowl_1, frying_pan], move [partner, frying_pan, stove]]
	fried egg - fried_egg
		[switch [partner, stove], reset [human], pour [partner, eggs_bowl, frying_pan], pour [partner, olive_oil_bowl, frying_pan], switch [partner, stove], move [partner, frying_pan, stove], mix [partner, frying_pan, whisk]]
	scrambled egg - scrambled_egg
		[switch [partner, stove], reset [human], switch [partner, stove], pour [partner, olive_oil_bowl, frying_pan], move [human, frying_pan, stove], move [partner, frying_pan, counter], pour [partner, eggs_bowl, frying_pan], mix [partner, frying_pan, whisk], move [human, frying_pan, stove]]
	tea - hot_tea
		[switch [partner, stove], reset [human], pour [human, water_bowl, mixing_bowl_1], switch [human, stove], pour [human, tea_bowl, mixing_bowl_1], mix [partner, mixing_bowl_1, whisk], pour [human, mixing_bowl_1, frying_pan], move [human, frying_pan, stove]]

move [partner, frying_pan, stove]
	pancake - pancake
		[move [partner, frying_pan, stove], reset [human], pour [human, eggs_bowl, mixing_bowl_1], pour [human, milk_bowl, mixing_bowl_1], pour [partner, flour_bowl, mixing_bowl_1], mix [partner, mixing_bowl_1, whisk], pour [human, mixing_bowl_1, frying_pan], move [human, frying_pan, stove], switch [partner, stove]]
	fried egg - fried_egg
		[move [partner, frying_pan, stove], reset [human], pour [human, butter_bowl, frying_pan], switch [partner, stove], pour [partner, eggs_bowl, frying_pan], move [human, frying_pan, stove], mix [human, frying_pan, whisk]]
	scrambled egg - scrambled_egg
		[move [partner, frying_pan, stove], reset [human], pour [human, butter_bowl, frying_pan], switch [human, stove], move [human, frying_pan, stove], move [partner, frying_pan, counter], pour [partner, eggs_bowl, frying_pan], mix [partner, frying_pan, whisk], move [human, frying_pan, stove]]
	tea - hot_tea
		[move [partner, frying_pan, stove], reset [human], switch [partner, stove], pour [partner, water_bowl, mixing_bowl_1], pour [partner, tea_bowl, mixing_bowl_1], mix [human, mixing_bowl_1, whisk], pour [human, mixing_bowl_1, frying_pan], move [human, frying_pan, stove]]

pour [partner, frying_pan, mixing_bowl_1]
	pancake - pancake
		[pour [partner, frying_pan, mixing_bowl_1], pour [partner, milk_bowl, mixing_bowl_1], pour [partner, flour_bowl, mixing_bowl_1], mix [human, mixing_bowl_1, whisk], pour [partner, mixing_bowl_1, frying_pan], move [partner, frying_pan, stove]]
	fried egg - fried_egg
		[pour [partner, frying_pan, mixing_bowl_1], reset [human], switch [partner, stove], pour [human, eggs_bowl, frying_pan], pour [partner, butter_bowl, frying_pan], move [human, frying_pan, stove], mix [partner, frying_pan, whisk]]
	scrambled egg - scrambled_egg
		[pour [partner, frying_pan, mixing_bowl_1], reset [human], pour [human, butter_bowl, frying_pan], move [partner, frying_pan, stove], switch [partner, stove], move [partner, frying_pan, counter], pour [partner, eggs_bowl, frying_pan], mix [partner, frying_pan, whisk], move [partner, frying_pan, stove]]
	tea - hot_tea
		[pour [partner, frying_pan, mixing_bowl_1], reset [human], pour [human, water_bowl, mixing_bowl_1], switch [partner, stove], pour [human, tea_bowl, mixing_bowl_1], mix [partner, mixing_bowl_1, whisk], pour [human, mixing_bowl_1, frying_pan], move [human, frying_pan, stove]]

NullAction [partner]
	pancake - pancake
		[pour [partner, frying_pan, mixing_bowl_1], pour [human, milk_bowl, mixing_bowl_1], pour [partner, flour_bowl, mixing_bowl_1], mix [partner, mixing_bowl_1, whisk], pour [partner, mixing_bowl_1, frying_pan], move [partner, frying_pan, stove]]
	fried egg - fried_egg
		[reset [human], pour [human, eggs_bowl, frying_pan], pour [partner, olive_oil_bowl, frying_pan], move [partner, frying_pan, stove], switch [human, stove], mix [human, frying_pan, whisk]]
	scrambled egg - scrambled_egg
		[reset [human], pour [partner, olive_oil_bowl, frying_pan], switch [partner, stove], move [human, frying_pan, stove], move [human, frying_pan, counter], pour [human, eggs_bowl, frying_pan], mix [partner, frying_pan, whisk], move [partner, frying_pan, stove]]
	tea - hot_tea
		[reset [human], pour [human, water_bowl, mixing_bowl_1], pour [partner, tea_bowl, mixing_bowl_1], mix [partner, mixing_bowl_1, whisk], pour [partner, mixing_bowl_1, frying_pan], move [human, frying_pan, stove], switch [human, stove]]

pour [partner, water_bowl, mixing_bowl_1]
	pancake - pancake
		[pour [partner, water_bowl, mixing_bowl_1], reset [human], switch [partner, stove], pour [human, eggs_bowl, mixing_bowl_1], pour [partner, milk_bowl, mixing_bowl_1], pour [human, flour_bowl, mixing_bowl_1], mix [human, mixing_bowl_1, whisk], pour [human, mixing_bowl_1, frying_pan], move [human, frying_pan, stove]]
	fried egg - fried_egg
		[pour [partner, water_bowl, mixing_bowl_1], reset [human], pour [partner, olive_oil_bowl, frying_pan], switch [human, stove], pour [human, eggs_bowl, frying_pan], move [partner, frying_pan, stove], mix [partner, frying_pan, whisk]]
	scrambled egg - scrambled_egg
		[pour [partner, water_bowl, mixing_bowl_1], reset [human], pour [partner, olive_oil_bowl, frying_pan], move [partner, frying_pan, stove], switch [human, stove], move [partner, frying_pan, counter], pour [human, eggs_bowl, frying_pan], mix [human, frying_pan, whisk], move [human, frying_pan, stove]]
	tea - hot_tea
		[pour [partner, water_bowl, mixing_bowl_1], reset [human], pour [partner, tea_bowl, mixing_bowl_1], switch [human, stove], pour [human, water_bowl, mixing_bowl_1], mix [human, mixing_bowl_1, whisk], pour [human, mixing_bowl_1, frying_pan], move [partner, frying_pan, stove]]

move [partner, frying_pan, stove]: 84.93332084269537
pour [partner, flour_bowl, mixing_bowl_1]: 83.06810534539892
switch [partner, stove]: 83.06349669664928
pour [partner, milk_bowl, mixing_bowl_1]: 80.39205389423974
pour [partner, water_bowl, mixing_bowl_1]: 88.55669505887721
pour [partner, frying_pan, mixing_bowl_1]: 81.8157966524782
NullAction [partner]: 81.26880695444987
Executing action pour [partner, milk_bowl, mixing_bowl_1], 89.29894692630712, 105.47489350020433
Executing action wait [human] 89.29894692630712, 105.47489350020433
human scheduled actions
-partner
	pour [partner, flour_bowl, mixing_bowl_1], 0.0, 16.360074224994953
	pour [partner, frying_pan, mixing_bowl_1], 16.360074224994953, 33.20441099801793
	mix [partner, mixing_bowl_1, whisk], 33.20441099801793, 37.67094163514389
	wait, 37.67094163514389, 50.829161004366384
	move [partner, frying_pan, stove], 50.82916100436639, 67.26761660370173
-human
	wait, 0.0, 37.67094163514389
	pour [human, mixing_bowl_1, frying_pan], 37.67094163514389, 50.829161004366384
Previous Distribution
coffee with milk - coffee_with_milk: 0.0
cereal with milk - cereal_with_milk: 0.0
pancake - pancake: 0.21428571428571427
fried egg - fried_egg: 0.21428571428571427
scrambled egg - scrambled_egg: 0.2857142857142857
chocolate milk - chocolate_milk: 0.0
tea - hot_tea: 0.2857142857142857


Current Distribution
pancake - pancake: 0.21428571428571427
fried egg - fried_egg: 0.21428571428571427
scrambled egg - scrambled_egg: 0.2857142857142857
tea - hot_tea: 0.2857142857142857


switch [partner, stove]
	pancake - pancake
		[switch [partner, stove], pour [partner, flour_bowl, mixing_bowl_1], pour [human, frying_pan, mixing_bowl_1], switch [partner, stove], mix [partner, mixing_bowl_1, whisk], pour [partner, mixing_bowl_1, frying_pan], move [human, frying_pan, stove]]
	fried egg - fried_egg
		[switch [partner, stove], reset [human], switch [partner, stove], pour [partner, butter_bowl, frying_pan], pour [partner, eggs_bowl, frying_pan], move [human, frying_pan, stove], mix [human, frying_pan, whisk]]
	scrambled egg - scrambled_egg
		[switch [partner, stove], reset [human], switch [human, stove], pour [partner, olive_oil_bowl, frying_pan], move [partner, frying_pan, stove], move [partner, frying_pan, counter], pour [partner, eggs_bowl, frying_pan], mix [human, frying_pan, whisk], move [partner, frying_pan, stove]]
	tea - hot_tea
		[switch [partner, stove], reset [human], switch [human, stove], pour [partner, tea_bowl, mixing_bowl_1], pour [partner, water_bowl, mixing_bowl_1], mix [partner, mixing_bowl_1, whisk], pour [human, mixing_bowl_1, frying_pan], move [partner, frying_pan, stove]]

pour [partner, flour_bowl, mixing_bowl_1]
	pancake - pancake
		[pour [partner, flour_bowl, mixing_bowl_1], pour [partner, frying_pan, mixing_bowl_1], mix [partner, mixing_bowl_1, whisk], pour [partner, mixing_bowl_1, frying_pan], move [human, frying_pan, stove]]
	fried egg - fried_egg
		[pour [partner, flour_bowl, mixing_bowl_1], reset [human], switch [human, stove], pour [partner, butter_bowl, frying_pan], pour [partner, eggs_bowl, frying_pan], move [partner, frying_pan, stove], mix [human, frying_pan, whisk]]
	scrambled egg - scrambled_egg
		[pour [partner, flour_bowl, mixing_bowl_1], reset [human], switch [partner, stove], pour [human, olive_oil_bowl, frying_pan], move [human, frying_pan, stove], move [human, frying_pan, counter], pour [human, eggs_bowl, frying_pan], mix [partner, frying_pan, whisk], move [human, frying_pan, stove]]
	tea - hot_tea
		[pour [partner, flour_bowl, mixing_bowl_1], reset [human], pour [human, water_bowl, mixing_bowl_1], switch [partner, stove], pour [partner, tea_bowl, mixing_bowl_1], mix [partner, mixing_bowl_1, whisk], pour [human, mixing_bowl_1, frying_pan], move [partner, frying_pan, stove]]

pour [partner, frying_pan, mixing_bowl_1]
	pancake - pancake
		[pour [partner, frying_pan, mixing_bowl_1], pour [human, flour_bowl, mixing_bowl_1], mix [human, mixing_bowl_1, whisk], pour [partner, mixing_bowl_1, frying_pan], move [human, frying_pan, stove]]
	fried egg - fried_egg
		[pour [partner, frying_pan, mixing_bowl_1], reset [human], switch [partner, stove], pour [human, olive_oil_bowl, frying_pan], pour [human, eggs_bowl, frying_pan], move [human, frying_pan, stove], mix [partner, frying_pan, whisk]]
	scrambled egg - scrambled_egg
		[pour [partner, frying_pan, mixing_bowl_1], reset [human], pour [human, olive_oil_bowl, frying_pan], move [human, frying_pan, stove], switch [partner, stove], move [partner, frying_pan, counter], pour [partner, eggs_bowl, frying_pan], mix [partner, frying_pan, whisk], move [human, frying_pan, stove]]
	tea - hot_tea
		[pour [partner, frying_pan, mixing_bowl_1], reset [human], pour [partner, tea_bowl, mixing_bowl_1], pour [partner, water_bowl, mixing_bowl_1], switch [partner, stove], mix [partner, mixing_bowl_1, whisk], pour [partner, mixing_bowl_1, frying_pan], move [human, frying_pan, stove]]

pour [partner, butter_bowl, frying_pan]
	pancake - pancake
		[pour [partner, butter_bowl, frying_pan], reset [human], pour [human, flour_bowl, mixing_bowl_1], pour [partner, eggs_bowl, mixing_bowl_1], pour [human, milk_bowl, mixing_bowl_1], mix [human, mixing_bowl_1, whisk], pour [human, mixing_bowl_1, frying_pan], switch [human, stove], move [partner, frying_pan, stove]]
	fried egg - fried_egg
		[pour [partner, butter_bowl, frying_pan], move [human, frying_pan, stove], mix [partner, frying_pan, whisk]]
	scrambled egg - scrambled_egg
		[pour [partner, butter_bowl, frying_pan], reset [human], pour [human, butter_bowl, frying_pan], switch [human, stove], move [human, frying_pan, stove], move [human, frying_pan, counter], pour [human, eggs_bowl, frying_pan], mix [partner, frying_pan, whisk], move [partner, frying_pan, stove]]
	tea - hot_tea
		[pour [partner, butter_bowl, frying_pan], reset [human], switch [human, stove], pour [partner, water_bowl, mixing_bowl_1], pour [partner, tea_bowl, mixing_bowl_1], mix [partner, mixing_bowl_1, whisk], pour [partner, mixing_bowl_1, frying_pan], move [partner, frying_pan, stove]]

pour [partner, water_bowl, mixing_bowl_1]
	pancake - pancake
		[pour [partner, water_bowl, mixing_bowl_1], reset [human], pour [partner, milk_bowl, mixing_bowl_1], switch [human, stove], pour [partner, eggs_bowl, mixing_bowl_1], pour [human, flour_bowl, mixing_bowl_1], mix [partner, mixing_bowl_1, whisk], pour [human, mixing_bowl_1, frying_pan], move [partner, frying_pan, stove]]
	fried egg - fried_egg
		[pour [partner, water_bowl, mixing_bowl_1], reset [human], pour [partner, butter_bowl, frying_pan], pour [partner, eggs_bowl, frying_pan], switch [partner, stove], move [human, frying_pan, stove], mix [human, frying_pan, whisk]]
	scrambled egg - scrambled_egg
		[pour [partner, water_bowl, mixing_bowl_1], reset [human], pour [human, butter_bowl, frying_pan], switch [human, stove], move [human, frying_pan, stove], move [human, frying_pan, counter], pour [partner, eggs_bowl, frying_pan], mix [human, frying_pan, whisk], move [partner, frying_pan, stove]]
	tea - hot_tea
		[pour [partner, water_bowl, mixing_bowl_1], reset [human], pour [human, water_bowl, mixing_bowl_1], switch [human, stove], pour [partner, tea_bowl, mixing_bowl_1], mix [human, mixing_bowl_1, whisk], pour [partner, mixing_bowl_1, frying_pan], move [human, frying_pan, stove]]

NullAction [partner]
	pancake - pancake
		[pour [human, flour_bowl, mixing_bowl_1], pour [human, frying_pan, mixing_bowl_1], mix [human, mixing_bowl_1, whisk], pour [human, mixing_bowl_1, frying_pan], move [partner, frying_pan, stove]]
	fried egg - fried_egg
		[reset [human], pour [partner, butter_bowl, frying_pan], switch [partner, stove], pour [partner, eggs_bowl, frying_pan], move [partner, frying_pan, stove], mix [human, frying_pan, whisk]]
	scrambled egg - scrambled_egg
		[reset [human], pour [partner, olive_oil_bowl, frying_pan], move [partner, frying_pan, stove], switch [partner, stove], move [human, frying_pan, counter], pour [partner, eggs_bowl, frying_pan], mix [human, frying_pan, whisk], move [partner, frying_pan, stove]]
	tea - hot_tea
		[reset [human], switch [partner, stove], pour [human, tea_bowl, mixing_bowl_1], pour [human, water_bowl, mixing_bowl_1], mix [human, mixing_bowl_1, whisk], pour [partner, mixing_bowl_1, frying_pan], move [human, frying_pan, stove]]

pour [partner, flour_bowl, mixing_bowl_1]: 80.63922490588662
switch [partner, stove]: 74.55930253401425
pour [partner, butter_bowl, frying_pan]: 77.39352492432828
pour [partner, water_bowl, mixing_bowl_1]: 88.01262497801402
pour [partner, frying_pan, mixing_bowl_1]: 84.4132664317898
NullAction [partner]: 79.85283786036248
Executing action switch [partner, stove], 105.47489350020433, 113.85716211808094
Executing action wait [human] 105.47489350020433, 113.85716211808094
human scheduled actions
-partner
	pour [partner, flour_bowl, mixing_bowl_1], 0.0, 15.702354932895243
	pour [partner, frying_pan, mixing_bowl_1], 15.702354932895243, 33.54528154083608
	mix [partner, mixing_bowl_1, whisk], 33.54528154083608, 37.756625913632945
	wait, 37.756625913632945, 50.362595513428666
	move [partner, frying_pan, stove], 50.36259551342866, 68.37202851586738
-human
	switch [human, stove], 0.0, 3.4994778869225125
	wait, 3.499477886922513, 37.756625913632945
	pour [human, mixing_bowl_1, frying_pan], 37.756625913632945, 50.362595513428666
Human chose switch [human, stove]
Previous Distribution
coffee with milk - coffee_with_milk: 0.0
cereal with milk - cereal_with_milk: 0.0
pancake - pancake: 0.21428571428571427
fried egg - fried_egg: 0.21428571428571427
scrambled egg - scrambled_egg: 0.2857142857142857
chocolate milk - chocolate_milk: 0.0
tea - hot_tea: 0.2857142857142857


Current Distribution
pancake - pancake: 0.21428571428571427
fried egg - fried_egg: 0.21428571428571427
scrambled egg - scrambled_egg: 0.2857142857142857
tea - hot_tea: 0.2857142857142857


switch [partner, stove]
	pancake - pancake
		[switch [partner, stove], pour [human, frying_pan, mixing_bowl_1], pour [partner, flour_bowl, mixing_bowl_1], mix [human, mixing_bowl_1, whisk], pour [human, mixing_bowl_1, frying_pan], move [partner, frying_pan, stove]]
	fried egg - fried_egg
		[switch [partner, stove], reset [human], pour [partner, olive_oil_bowl, frying_pan], pour [human, eggs_bowl, frying_pan], move [human, frying_pan, stove], switch [human, stove], mix [partner, frying_pan, whisk]]
	scrambled egg - scrambled_egg
		[switch [partner, stove], reset [human], switch [human, stove], pour [partner, olive_oil_bowl, frying_pan], move [partner, frying_pan, stove], move [human, frying_pan, counter], pour [human, eggs_bowl, frying_pan], mix [partner, frying_pan, whisk], move [partner, frying_pan, stove]]
	tea - hot_tea
		[switch [partner, stove], reset [human], pour [human, water_bowl, mixing_bowl_1], switch [human, stove], pour [partner, tea_bowl, mixing_bowl_1], mix [partner, mixing_bowl_1, whisk], pour [human, mixing_bowl_1, frying_pan], move [partner, frying_pan, stove]]

pour [partner, flour_bowl, mixing_bowl_1]
	pancake - pancake
		[pour [partner, flour_bowl, mixing_bowl_1], switch [partner, stove], pour [partner, frying_pan, mixing_bowl_1], mix [partner, mixing_bowl_1, whisk], pour [human, mixing_bowl_1, frying_pan], move [partner, frying_pan, stove]]
	fried egg - fried_egg
		[pour [partner, flour_bowl, mixing_bowl_1], reset [human], pour [partner, eggs_bowl, frying_pan], pour [human, butter_bowl, frying_pan], switch [partner, stove], move [partner, frying_pan, stove], mix [human, frying_pan, whisk]]
	scrambled egg - scrambled_egg
		[pour [partner, flour_bowl, mixing_bowl_1], reset [human], pour [human, olive_oil_bowl, frying_pan], move [partner, frying_pan, stove], switch [human, stove], move [human, frying_pan, counter], pour [partner, eggs_bowl, frying_pan], mix [partner, frying_pan, whisk], move [partner, frying_pan, stove]]
	tea - hot_tea
		[pour [partner, flour_bowl, mixing_bowl_1], reset [human], switch [partner, stove], pour [human, water_bowl, mixing_bowl_1], pour [human, tea_bowl, mixing_bowl_1], mix [human, mixing_bowl_1, whisk], pour [partner, mixing_bowl_1, frying_pan], move [human, frying_pan, stove]]

pour [partner, butter_bowl, frying_pan]
	pancake - pancake
		[pour [partner, butter_bowl, frying_pan], reset [human], switch [human, stove], pour [human, milk_bowl, mixing_bowl_1], pour [human, flour_bowl, mixing_bowl_1], pour [human, eggs_bowl, mixing_bowl_1], mix [human, mixing_bowl_1, whisk], pour [human, mixing_bowl_1, frying_pan], move [human, frying_pan, stove]]
	fried egg - fried_egg
		[pour [partner, butter_bowl, frying_pan], switch [human, stove], move [partner, frying_pan, stove], mix [partner, frying_pan, whisk]]
	scrambled egg - scrambled_egg
		[pour [partner, butter_bowl, frying_pan], reset [human], pour [human, butter_bowl, frying_pan], move [partner, frying_pan, stove], switch [human, stove], move [human, frying_pan, counter], pour [human, eggs_bowl, frying_pan], mix [human, frying_pan, whisk], move [human, frying_pan, stove]]
	tea - hot_tea
		[pour [partner, butter_bowl, frying_pan], reset [human], switch [human, stove], pour [human, water_bowl, mixing_bowl_1], pour [partner, tea_bowl, mixing_bowl_1], mix [human, mixing_bowl_1, whisk], pour [partner, mixing_bowl_1, frying_pan], move [partner, frying_pan, stove]]

pour [partner, frying_pan, mixing_bowl_1]
	pancake - pancake
		[pour [partner, frying_pan, mixing_bowl_1], switch [partner, stove], pour [human, flour_bowl, mixing_bowl_1], mix [human, mixing_bowl_1, whisk], pour [human, mixing_bowl_1, frying_pan], move [human, frying_pan, stove]]
	fried egg - fried_egg
		[pour [partner, frying_pan, mixing_bowl_1], reset [human], switch [partner, stove], pour [human, butter_bowl, frying_pan], pour [human, eggs_bowl, frying_pan], move [partner, frying_pan, stove], mix [human, frying_pan, whisk]]
	scrambled egg - scrambled_egg
		[pour [partner, frying_pan, mixing_bowl_1], reset [human], pour [partner, olive_oil_bowl, frying_pan], switch [human, stove], move [human, frying_pan, stove], move [human, frying_pan, counter], pour [human, eggs_bowl, frying_pan], mix [partner, frying_pan, whisk], move [partner, frying_pan, stove]]
	tea - hot_tea
		[pour [partner, frying_pan, mixing_bowl_1], reset [human], pour [human, water_bowl, mixing_bowl_1], pour [partner, tea_bowl, mixing_bowl_1], switch [human, stove], mix [human, mixing_bowl_1, whisk], pour [human, mixing_bowl_1, frying_pan], move [human, frying_pan, stove]]

NullAction [partner]
	pancake - pancake
		[pour [human, flour_bowl, mixing_bowl_1], pour [human, frying_pan, mixing_bowl_1], mix [partner, mixing_bowl_1, whisk], pour [partner, mixing_bowl_1, frying_pan], move [partner, frying_pan, stove], switch [human, stove]]
	fried egg - fried_egg
		[reset [human], pour [human, olive_oil_bowl, frying_pan], switch [partner, stove], pour [human, eggs_bowl, frying_pan], move [human, frying_pan, stove], mix [partner, frying_pan, whisk]]
	scrambled egg - scrambled_egg
		[reset [human], switch [partner, stove], pour [human, butter_bowl, frying_pan], move [partner, frying_pan, stove], move [human, frying_pan, counter], pour [partner, eggs_bowl, frying_pan], mix [partner, frying_pan, whisk], move [human, frying_pan, stove]]
	tea - hot_tea
		[reset [human], pour [human, water_bowl, mixing_bowl_1], switch [partner, stove], pour [partner, tea_bowl, mixing_bowl_1], mix [partner, mixing_bowl_1, whisk], pour [partner, mixing_bowl_1, frying_pan], move [human, frying_pan, stove]]

pour [partner, tea_bowl, mixing_bowl_1]
	pancake - pancake
		[pour [partner, tea_bowl, mixing_bowl_1], reset [human], pour [partner, milk_bowl, mixing_bowl_1], pour [human, eggs_bowl, mixing_bowl_1], pour [partner, flour_bowl, mixing_bowl_1], mix [human, mixing_bowl_1, whisk], switch [human, stove], pour [partner, mixing_bowl_1, frying_pan], move [partner, frying_pan, stove]]
	fried egg - fried_egg
		[pour [partner, tea_bowl, mixing_bowl_1], reset [human], pour [human, butter_bowl, frying_pan], pour [human, eggs_bowl, frying_pan], move [partner, frying_pan, stove], switch [human, stove], mix [human, frying_pan, whisk]]
	scrambled egg - scrambled_egg
		[pour [partner, tea_bowl, mixing_bowl_1], reset [human], pour [partner, olive_oil_bowl, frying_pan], move [partner, frying_pan, stove], switch [human, stove], move [human, frying_pan, counter], pour [human, eggs_bowl, frying_pan], mix [human, frying_pan, whisk], move [human, frying_pan, stove]]
	tea - hot_tea
		[pour [partner, tea_bowl, mixing_bowl_1], reset [human], pour [partner, water_bowl, mixing_bowl_1], switch [human, stove], pour [human, tea_bowl, mixing_bowl_1], mix [human, mixing_bowl_1, whisk], pour [partner, mixing_bowl_1, frying_pan], move [human, frying_pan, stove]]

pour [partner, flour_bowl, mixing_bowl_1]: 78.71165744956565
switch [partner, stove]: 79.27141069845304
pour [partner, butter_bowl, frying_pan]: 79.02239420726715
pour [partner, tea_bowl, mixing_bowl_1]: 91.23803616674944
pour [partner, frying_pan, mixing_bowl_1]: 86.04213571472867
NullAction [partner]: 78.31345286128682
Partner chose to wait
Executing action switch [human, stove], 113.85716211808094, 117.93412899340453
Executing action wait [partner] 113.85716211808094, 117.93412899340453
human scheduled actions
-partner
	pour [partner, frying_pan, mixing_bowl_1], 0.0, 16.526355855590666
	pour [partner, flour_bowl, mixing_bowl_1], 16.526355855590666, 33.04371243625685
	mix [partner, mixing_bowl_1, whisk], 33.04371243625685, 37.5134041357681
	wait, 37.5134041357681, 49.73643786927041
	move [partner, frying_pan, stove], 49.73643786927041, 67.5479725666366
-human
	wait, 0.0, 37.5134041357681
	pour [human, mixing_bowl_1, frying_pan], 37.5134041357681, 49.73643786927041
Previous Distribution
coffee with milk - coffee_with_milk: 0.0
cereal with milk - cereal_with_milk: 0.0
pancake - pancake: 0.21428571428571427
fried egg - fried_egg: 0.21428571428571427
scrambled egg - scrambled_egg: 0.2857142857142857
chocolate milk - chocolate_milk: 0.0
tea - hot_tea: 0.2857142857142857


Update
coffee with milk - coffee_with_milk: 0.0
cereal with milk - cereal_with_milk: 0.0
pancake - pancake: 1.0
fried egg - fried_egg: 0.0
scrambled egg - scrambled_egg: 0.0
chocolate milk - chocolate_milk: 0.0
tea - hot_tea: 0.0


Current Distribution
pancake - pancake: 1.0


pour [partner, flour_bowl, mixing_bowl_1]
	pancake - pancake
		[pour [partner, flour_bowl, mixing_bowl_1], pour [human, frying_pan, mixing_bowl_1], mix [partner, mixing_bowl_1, whisk], pour [partner, mixing_bowl_1, frying_pan], move [partner, frying_pan, stove]]

pour [partner, frying_pan, mixing_bowl_1]
	pancake - pancake
		[pour [partner, frying_pan, mixing_bowl_1], pour [human, flour_bowl, mixing_bowl_1], mix [partner, mixing_bowl_1, whisk], pour [human, mixing_bowl_1, frying_pan], move [human, frying_pan, stove]]

NullAction [partner]
	pancake - pancake
		[pour [human, frying_pan, mixing_bowl_1], pour [partner, flour_bowl, mixing_bowl_1], mix [human, mixing_bowl_1, whisk], pour [partner, mixing_bowl_1, frying_pan], move [human, frying_pan, stove]]

pour [partner, flour_bowl, mixing_bowl_1]: 61.56665832347197
pour [partner, frying_pan, mixing_bowl_1]: 61.56665832347197
NullAction [partner]: 71.56665832347197
Executing action pour [partner, flour_bowl, mixing_bowl_1], 117.93412899340453, 135.91438688224832
Executing action wait [human] 117.93412899340453, 135.91438688224832
human scheduled actions
-partner
	pour [partner, frying_pan, mixing_bowl_1], 0.0, 15.729982465246595
	mix [partner, mixing_bowl_1, whisk], 15.729982465246593, 19.766818272970973
	wait, 19.766818272970973, 31.73987177592226
	move [partner, frying_pan, stove], 31.73987177592226, 50.90024407556301
-human
	wait, 0.0, 19.766818272970973
	pour [human, mixing_bowl_1, frying_pan], 19.766818272970973, 31.73987177592226
Previous Distribution
coffee with milk - coffee_with_milk: 0.0
cereal with milk - cereal_with_milk: 0.0
pancake - pancake: 1.0
fried egg - fried_egg: 0.0
scrambled egg - scrambled_egg: 0.0
chocolate milk - chocolate_milk: 0.0
tea - hot_tea: 0.0


Current Distribution
pancake - pancake: 1.0


pour [partner, frying_pan, mixing_bowl_1]
	pancake - pancake
		[pour [partner, frying_pan, mixing_bowl_1], mix [partner, mixing_bowl_1, whisk], pour [partner, mixing_bowl_1, frying_pan], move [human, frying_pan, stove]]

NullAction [partner]
	pancake - pancake
		[pour [partner, frying_pan, mixing_bowl_1], mix [partner, mixing_bowl_1, whisk], pour [partner, mixing_bowl_1, frying_pan], move [human, frying_pan, stove]]

pour [partner, frying_pan, mixing_bowl_1]: 46.06665832347197
NullAction [partner]: 56.06665832347197
Executing action pour [partner, frying_pan, mixing_bowl_1], 135.91438688224832, 151.5894418465745
Executing action wait [human] 135.91438688224832, 151.5894418465745
human scheduled actions
-partner
	mix [partner, mixing_bowl_1, whisk], 0.0, 4.553326534488633
	pour [partner, mixing_bowl_1, frying_pan], 4.553326534488633, 20.39827845973978
	move [partner, frying_pan, stove], 20.398278459739785, 36.49607023836144
-human
Previous Distribution
coffee with milk - coffee_with_milk: 0.0
cereal with milk - cereal_with_milk: 0.0
pancake - pancake: 1.0
fried egg - fried_egg: 0.0
scrambled egg - scrambled_egg: 0.0
chocolate milk - chocolate_milk: 0.0
tea - hot_tea: 0.0


Current Distribution
pancake - pancake: 1.0


mix [partner, mixing_bowl_1, whisk]
	pancake - pancake
		[mix [partner, mixing_bowl_1, whisk], pour [partner, mixing_bowl_1, frying_pan], move [partner, frying_pan, stove]]

NullAction [partner]
	pancake - pancake
		[mix [partner, mixing_bowl_1, whisk], pour [human, mixing_bowl_1, frying_pan], move [human, frying_pan, stove]]

mix [partner, mixing_bowl_1, whisk]: 30.56665832347197
NullAction [partner]: 45.21665832347572
Executing action mix [partner, mixing_bowl_1, whisk], 151.5894418465745, 155.73663155232782
Executing action wait [human] 151.5894418465745, 155.73663155232782
human scheduled actions
-partner
	pour [partner, mixing_bowl_1, frying_pan], 0.0, 17.01045687549286
	move [partner, frying_pan, stove], 17.01045687549286, 33.77763195991167
-human
Previous Distribution
coffee with milk - coffee_with_milk: 0.0
cereal with milk - cereal_with_milk: 0.0
pancake - pancake: 1.0
fried egg - fried_egg: 0.0
scrambled egg - scrambled_egg: 0.0
chocolate milk - chocolate_milk: 0.0
tea - hot_tea: 0.0


Current Distribution
pancake - pancake: 1.0


pour [partner, mixing_bowl_1, frying_pan]
	pancake - pancake
		[pour [partner, mixing_bowl_1, frying_pan], move [human, frying_pan, stove]]

NullAction [partner]
	pancake - pancake
		[pour [human, mixing_bowl_1, frying_pan], move [partner, frying_pan, stove]]

pour [partner, mixing_bowl_1, frying_pan]: 31.5
NullAction [partner]: 41.5
Executing action pour [partner, mixing_bowl_1, frying_pan], 155.73663155232782, 171.77717496761247
Executing action wait [human] 155.73663155232782, 171.77717496761247
human scheduled actions
-partner
	move [partner, frying_pan, stove], 0.0, 16.30642048918053
-human
Previous Distribution
coffee with milk - coffee_with_milk: 0.0
cereal with milk - cereal_with_milk: 0.0
pancake - pancake: 1.0
fried egg - fried_egg: 0.0
scrambled egg - scrambled_egg: 0.0
chocolate milk - chocolate_milk: 0.0
tea - hot_tea: 0.0


Current Distribution
pancake - pancake: 1.0


move [partner, frying_pan, stove]
	pancake - pancake
		[move [partner, frying_pan, stove]]

NullAction [partner]
	pancake - pancake
		[move [partner, frying_pan, stove]]

move [partner, frying_pan, stove]: 16.0
NullAction [partner]: 26.0
Executing action move [partner, frying_pan, stove], 171.77717496761247, 189.69768560563256
Executing action wait [human] 171.77717496761247, 189.69768560563256
AdaptiveByFlow scheduling: true, 1, 1, 189.69768560563256, 189.69768560563256
AdaptiveByFlow scheduling: true, time, 1634

Agent, Successes, Trials, Average reward, average successful reward
Evaluating solo
Recipe, coffee with milk
[pour [human, milk_bowl, mixing_bowl_1]: 0.5, pour [human, coffee_bowl, mixing_bowl_1]: 0.5]
Executing action pour [human, milk_bowl, mixing_bowl_1], 0.0, 32.6272178358697
[pour [human, mixing_bowl_1, trash]: 0.0, pour [human, coffee_bowl, mixing_bowl_1]: 1.0, reset [human]: 0.0]
Executing action pour [human, coffee_bowl, mixing_bowl_1], 32.6272178358697, 53.18190802605333
[pour [human, mixing_bowl_1, trash]: 0.0, reset [human]: 0.0, mix [human, mixing_bowl_1, whisk]: 1.0]
Executing action mix [human, mixing_bowl_1, whisk], 53.18190802605333, 61.56322024846887
solo, 1, 1, 61.56322024846887, 61.56322024846887
solo, time, 1
Evaluating Expert
Required 7.112E-6
Recipe, coffee with milk
Human chose pour [human, coffee_bowl, mixing_bowl_1]
Partner chose to wait
Executing action pour [human, coffee_bowl, mixing_bowl_1], 0.0, 20.262106394543444
Executing action wait [partner] 0.0, 20.262106394543444
human scheduled actions
-partner
	pour [partner, milk_bowl, mixing_bowl_1], 0.0, 15.7640003408809
-human
	wait, 0.0, 15.7640003408809
	mix [human, mixing_bowl_1, whisk], 15.7640003408809, 23.271838802519333
partner scheduled actions
-partner
	pour [partner, milk_bowl, mixing_bowl_1], 0.0, 15.61868627435529
-human
	wait, 0.0, 15.61868627435529
	mix [human, mixing_bowl_1, whisk], 15.618686274355293, 23.509375855192765
Executing action pour [partner, milk_bowl, mixing_bowl_1], 20.262106394543444, 39.37989440549068
Executing action wait [human] 20.262106394543444, 39.37989440549068
human scheduled actions
-partner
	mix [partner, mixing_bowl_1, whisk], 0.0, 8.064865808790023
-human
partner scheduled actions
-partner
	mix [partner, mixing_bowl_1, whisk], 0.0, 7.998716562673272
-human
Executing action mix [partner, mixing_bowl_1, whisk], 39.37989440549068, 47.97387190675993
Executing action wait [human] 39.37989440549068, 47.97387190675993
Expert, 1, 1, 47.97387190675993, 47.97387190675993
Expert, time, 6

Time coffee with milk - 4.911594124
Time cereal with milk - 4.916299633
Time chocolate milk - 3.821339265
Time tea - 18.938135113
Time pancake - 34.405143218
